3.000000
3.000000
3.000000
3.000000
3.000000
3.000000
3.000000
3.000000
3.000000
3.000000
3.000000
3.000000
3.000000
3.000000
3.000000
3.000000
3.000000
3.000000
3.000000
3.000000
3.000000
3.000000
3.000000
3.000000
3.000000
3.000000
3.000000
3.000000
3.000000
3.000000
3.000000
3.000000
3.000000
3.000000
3.000000
3.000000
3.000000
3.000000
3.000000
3.000000
3.000000
3.045494
3.083805
3.108886
3.116776
3.106229
3.078911
3.039135
2.993180
2.948302
2.911586
2.888829
2.883623
2.896790
2.926252
2.967357
3.013616
3.057725
3.092721
3.113078
3.115582
3.099839
3.068333
3.026039
2.979634
2.936444
2.903289
2.885402
2.885607
2.903873
2.937315
2.980653
3.027046
3.069169
3.100372
3.115728
3.112813
3.092088
3.056824
3.012588
3.000000
3.083805
3.154380
3.200581
3.215115
3.195687
3.145364
3.072092
2.987437
2.904767
2.837131
2.795209
2.785619
2.809875
2.864147
2.939868
3.025082
3.106337
3.170803
3.208303
3.212917
3.183916
3.125878
3.047967
2.962484
2.882923
2.821846
2.788896
2.789274
2.822922
2.884526
2.964361
3.049822
3.127418
3.184897
3.213185
3.207816
3.169637
3.104676
3.023189
3.000000
3.108886
3.200581
3.260609
3.279493
3.254250
3.188867
3.093667
2.983678
2.876266
2.788389
2.733921
2.721461
2.752976
2.823490
2.921872
3.032589
3.138160
3.221919
3.270642
3.276636
3.238956
3.163550
3.062323
2.951256
2.847885
2.768530
2.725719
2.726210
2.769927
2.849968
2.953695
3.064733
3.165551
3.240232
3.276985
3.270009
3.220405
3.136003
3.030129
3.000000
3.116776
3.215115
3.279493
3.299744
3.272673
3.202553
3.100454
2.982495
2.867300
2.773056
2.714641
2.701278
2.735077
2.810701
2.916211
3.034950
3.148171
3.237999
3.290252
3.296681
3.256270
3.175400
3.066838
2.947724
2.836863
2.751758
2.705845
2.706372
2.753257
2.839097
2.950340
3.069423
3.177546
3.257639
3.297055
3.289574
3.236375
3.145857
3.032312
3.000000
3.106229
3.195687
3.254250
3.272673
3.248047
3.184259
3.091381
2.984076
2.879285
2.793552
2.740413
2.728257
2.759003
2.827797
2.923778
3.031793
3.134789
3.216504
3.264038
3.269886
3.233125
3.159559
3.060802
2.952446
2.851597
2.774178
2.732411
2.732891
2.775541
2.853629
2.954825
3.063153
3.161511
3.234370
3.270227
3.263421
3.215027
3.132684
3.029394
3.000000
3.078911
3.145364
3.188867
3.202553
3.184259
3.136875
3.067882
2.988171
2.910328
2.846642
2.807168
2.798138
2.820978
2.872081
2.943380
3.023617
3.100127
3.160828
3.196138
3.200483
3.173175
3.118527
3.045166
2.964675
2.889760
2.832250
2.801224
2.801580
2.833263
2.891269
2.966442
3.046913
3.119977
3.174100
3.200736
3.195680
3.159731
3.098563
3.021835
3.000000
3.039135
3.072092
3.093667
3.100454
3.091381
3.067882
3.033665
2.994134
2.955528
2.923944
2.904367
2.899889
2.911216
2.936560
2.971920
3.011713
3.049657
3.079761
3.097272
3.099427
3.085884
3.058782
3.022400
2.982481
2.945328
2.916806
2.901419
2.901596
2.917309
2.946076
2.983357
3.023266
3.059501
3.086343
3.099553
3.097045
3.079217
3.048881
3.010829
3.000000
2.993180
2.987437
2.983678
2.982495
2.984076
2.988171
2.994134
3.001022
3.007750
3.013253
3.016665
3.017445
3.015471
3.011055
3.004893
2.997959
2.991347
2.986101
2.983050
2.982674
2.985034
2.989757
2.996097
3.003053
3.009527
3.014497
3.017178
3.017148
3.014410
3.009397
3.002900
2.995946
2.989631
2.984954
2.982652
2.983089
2.986196
2.991482
2.998113
3.000000
2.948302
2.904767
2.876266
2.867300
2.879285
2.910328
2.955528
3.007750
3.058747
3.100470
3.126331
3.132247
3.117284
3.083805
3.037094
2.984527
2.934403
2.894636
2.871503
2.868657
2.886547
2.922349
2.970410
3.023143
3.072222
3.109899
3.130225
3.129992
3.109236
3.071233
3.021985
2.969266
2.921399
2.885941
2.868491
2.871803
2.895355
2.935428
2.985695
3.000000
2.911586
2.837131
2.788389
2.773056
2.793552
2.846642
2.923944
3.013253
3.100470
3.171825
3.216052
3.226170
3.200580
3.143323
3.063439
2.973539
2.887816
2.819805
2.780243
2.775375
2.805971
2.867200
2.949395
3.039579
3.123515
3.187950
3.222712
3.222313
3.186816
3.121824
3.037599
2.947438
2.865575
2.804935
2.775092
2.780756
2.821035
2.889568
2.975536
3.000000
2.888829
2.795209
2.733921
2.714641
2.740413
2.807168
2.904367
3.016665
3.126331
3.216052
3.271664
3.284386
3.252209
3.180214
3.079768
2.966727
2.858940
2.773423
2.723678
2.717557
2.756029
2.833017
2.936369
3.049767
3.155307
3.236328
3.280038
3.279536
3.234902
3.153181
3.047277
2.933908
2.830974
2.754726
2.717201
2.724323
2.774969
2.861143
2.969238
3.000000
2.883623
2.785619
2.721461
2.701278
2.728257
2.798138
2.899889
3.017445
3.132247
3.226170
3.284386
3.297703
3.264020
3.188654
3.083503
2.965169
2.852335
2.762813
2.710738
2.704331
2.744604
2.825198
2.933389
3.052097
3.162580
3.247395
3.293152
3.292627
3.245902
3.160354
3.049491
2.930813
2.823059
2.743240
2.703958
2.711414
2.764431
2.854640
2.967798
3.000000
2.896790
2.809875
2.752976
2.735077
2.759003
2.820978
2.911216
3.015471
3.117284
3.200580
3.252209
3.264020
3.234148
3.167309
3.074055
2.969110
2.869042
2.789649
2.743466
2.737784
2.773500
2.844976
2.940926
3.046203
3.144185
3.219404
3.259984
3.259518
3.218080
3.142211
3.043891
2.938641
2.843079
2.772291
2.737453
2.744066
2.791085
2.871087
2.971441
3.000000
2.926252
2.864147
2.823490
2.810701
2.827797
2.872081
2.936560
3.011055
3.083805
3.143323
3.180214
3.188654
3.167309
3.119549
3.052916
2.977928
2.906425
2.849695
2.816695
2.812635
2.838156
2.889228
2.957789
3.033014
3.103027
3.156774
3.185770
3.185437
3.155827
3.101616
3.031362
2.956157
2.887873
2.837292
2.812399
2.817124
2.850721
2.907886
2.979594
3.000000
2.967357
2.939868
2.921872
2.916211
2.923778
2.943380
2.971920
3.004893
3.037094
3.063439
3.079768
3.083503
3.074055
3.052916
3.023422
2.990230
2.958581
2.933471
2.918864
2.917067
2.928364
2.950970
2.981316
3.014613
3.045602
3.069392
3.082227
3.082079
3.068973
3.044978
3.013882
2.980594
2.950370
2.927981
2.916963
2.919054
2.933925
2.959228
2.990968
3.000000
3.013616
3.025082
3.032589
3.034950
3.031793
3.023617
3.011713
2.997959
2.984527
2.973539
2.966727
2.965169
2.969110
2.977928
2.990230
3.004075
3.017277
3.027750
3.033843
3.034593
3.029881
3.020451
3.007793
2.993905
2.980978
2.971055
2.965702
2.965763
2.971230
2.981239
2.994210
3.008095
3.020702
3.030040
3.034636
3.033764
3.027561
3.017007
3.003768
3.000000
3.057725
3.106337
3.138160
3.148171
3.134789
3.100127
3.049657
2.991347
2.934403
2.887816
2.858940
2.852335
2.869042
2.906425
2.958581
3.017277
3.073244
3.117649
3.143479
3.146657
3.126681
3.086705
3.033040
2.974159
2.919358
2.877288
2.854592
2.854853
2.878029
2.920462
2.975452
3.034318
3.087765
3.127357
3.146842
3.143143
3.116846
3.072101
3.015973
3.000000
3.092721
3.170803
3.221919
3.237999
3.216504
3.160828
3.079761
2.986101
2.894636
2.819805
2.773423
2.762813
2.789649
2.849695
2.933471
3.027750
3.117649
3.188973
3.230462
3.235567
3.203480
3.139269
3.053070
2.958493
2.870468
2.802894
2.766439
2.766857
2.804084
2.872242
2.960570
3.055123
3.140973
3.204567
3.235864
3.229923
3.187683
3.115812
3.025656
3.000000
3.113078
3.208303
3.270642
3.290252
3.264038
3.196138
3.097272
2.983050
2.871503
2.780243
2.723678
2.710738
2.743466
2.816695
2.918864
3.033843
3.143479
3.230462
3.281061
3.287286
3.248155
3.169846
3.064722
2.949380
2.842029
2.759619
2.715160
2.715670
2.761070
2.844192
2.951913
3.067225
3.171924
3.249480
3.287649
3.280404
3.228889
3.141238
3.031289
3.000000
3.115582
3.212917
3.276636
3.296681
3.269886
3.200483
3.099427
2.982674
2.868657
2.775375
2.717557
2.704331
2.737784
2.812635
2.917067
3.034593
3.146657
3.235567
3.287286
3.293649
3.253651
3.173608
3.066155
2.948259
2.838530
2.754295
2.708851
2.709373
2.755778
2.840741
2.950847
3.068714
3.175732
3.255006
3.294020
3.286614
3.233959
3.144367
3.031982
3.000000
3.099839
3.183916
3.238956
3.256270
3.233125
3.173175
3.085884
2.985034
2.886547
2.805971
2.756029
2.744604
2.773500
2.838156
2.928364
3.029881
3.126681
3.203480
3.248155
3.253651
3.219102
3.149961
3.057144
2.955306
2.860524
2.787762
2.748508
2.748959
2.789043
2.862434
2.957542
3.059354
3.151796
3.220272
3.253972
3.247575
3.202092
3.124703
3.027626
3.000000
3.068333
3.125878
3.163550
3.175400
3.159559
3.118527
3.058782
2.989757
2.922349
2.867200
2.833017
2.825198
2.844976
2.889228
2.950970
3.020451
3.086705
3.139269
3.169846
3.173608
3.149961
3.102638
3.039112
2.969410
2.904538
2.854737
2.827870
2.828179
2.855614
2.905845
2.970941
3.040624
3.103894
3.150762
3.173827
3.169449
3.138319
3.085351
3.018908
3.000000
3.026039
3.047967
3.062323
3.066838
3.060802
3.045166
3.022400
2.996097
2.970410
2.949395
2.936369
2.933389
2.940926
2.957789
2.981316
3.007793
3.033040
3.053070
3.064722
3.066155
3.057144
3.039112
3.014904
2.988343
2.963623
2.944646
2.934408
2.934525
2.944980
2.964121
2.988927
3.015480
3.039590
3.057450
3.066239
3.064571
3.052708
3.032524
3.007205
3.000000
2.979634
2.962484
2.951256
2.947724
2.952446
2.964675
2.982481
3.003053
3.023143
3.039579
3.049767
3.052097
3.046203
3.033014
3.014613
2.993905
2.974159
2.958493
2.949380
2.948259
2.955306
2.969410
2.988343
3.009117
3.028451
3.043294
3.051301
3.051209
3.043032
3.028062
3.008661
2.987892
2.969036
2.955068
2.948193
2.949498
2.958776
2.974562
2.994365
3.000000
2.936444
2.882923
2.847885
2.836863
2.851597
2.889760
2.945328
3.009527
3.072222
3.123515
3.155307
3.162580
3.144185
3.103027
3.045602
2.980978
2.919358
2.870468
2.842029
2.838530
2.860524
2.904538
2.963623
3.028451
3.088788
3.135107
3.160095
3.159808
3.134291
3.087572
3.027028
2.962216
2.903370
2.859779
2.838327
2.842399
2.871352
2.920617
2.982414
3.000000
2.903289
2.821846
2.768530
2.751758
2.774178
2.832250
2.916806
3.014497
3.109899
3.187950
3.236328
3.247395
3.219404
3.156774
3.069392
2.971055
2.877288
2.802894
2.759619
2.754295
2.787762
2.854737
2.944646
3.043294
3.135107
3.205589
3.243613
3.243177
3.204348
3.133257
3.041127
2.942505
2.852960
2.786629
2.753985
2.760181
2.804239
2.879204
2.973240
3.000000
2.885402
2.788896
2.725719
2.705845
2.732411
2.801224
2.901419
3.017178
3.130225
3.222712
3.280038
3.293152
3.259984
3.185770
3.082227
2.965702
2.854592
2.766439
2.715160
2.708851
2.748508
2.827870
2.934408
3.051301
3.160095
3.243613
3.288671
3.288153
3.242143
3.157903
3.048734
2.931871
2.825764
2.747165
2.708483
2.715825
2.768032
2.856862
2.968290
3.000000
2.885607
2.789274
2.726210
2.706372
2.732891
2.801580
2.901596
3.017148
3.129992
3.222313
3.279536
3.292627
3.259518
3.185437
3.082079
2.965763
2.854853
2.766857
2.715670
2.709373
2.748959
2.828179
2.934525
3.051209
3.159808
3.243177
3.288153
3.287637
3.241709
3.157620
3.048647
2.931993
2.826076
2.747618
2.709006
2.716335
2.768448
2.857119
2.968347
3.000000
2.903873
2.822922
2.769927
2.753257
2.775541
2.833263
2.917309
3.014410
3.109236
3.186816
3.234902
3.245902
3.218080
3.155827
3.068973
2.971230
2.878029
2.804084
2.761070
2.755778
2.789043
2.855614
2.944980
3.043032
3.134291
3.204348
3.242143
3.241709
3.203114
3.132452
3.040879
2.942852
2.853847
2.787917
2.755470
2.761629
2.805421
2.879933
2.973401
3.000000
2.937315
2.884526
2.849968
2.839097
2.853629
2.891269
2.946076
3.009397
3.071233
3.121824
3.153181
3.160354
3.142211
3.101616
3.044978
2.981239
2.920462
2.872242
2.844192
2.840741
2.862434
2.905845
2.964121
3.028062
3.087572
3.133257
3.157903
3.157620
3.132452
3.086373
3.026658
2.962733
2.904693
2.861699
2.840540
2.844556
2.873114
2.921703
2.982655
3.000000
2.980653
2.964361
2.953695
2.950340
2.954825
2.966442
2.983357
3.002900
3.021985
3.037599
3.047277
3.049491
3.043891
3.031362
3.013882
2.994210
2.975452
2.960570
2.951913
2.950847
2.957542
2.970941
2.988927
3.008661
3.027028
3.041127
3.048734
3.048647
3.040879
3.026658
3.008227
2.988498
2.970585
2.957316
2.950785
2.952025
2.960839
2.975835
2.994647
3.000000
3.027046
3.049822
3.064733
3.069423
3.063153
3.046913
3.023266
2.995946
2.969266
2.947438
2.933908
2.930813
2.938641
2.956157
2.980594
3.008095
3.034318
3.055123
3.067225
3.068714
3.059354
3.040624
3.015480
2.987892
2.962216
2.942505
2.931871
2.931993
2.942852
2.962733
2.988498
3.016079
3.041121
3.059671
3.068801
3.067068
3.054746
3.033782
3.007484
3.000000
3.069169
3.127418
3.165551
3.177546
3.161511
3.119977
3.059501
2.989631
2.921399
2.865575
2.830974
2.823059
2.843079
2.887873
2.950370
3.020702
3.087765
3.140973
3.171924
3.175732
3.151796
3.103894
3.039590
2.969036
2.903370
2.852960
2.825764
2.826076
2.853847
2.904693
2.970585
3.041121
3.105165
3.152606
3.175954
3.171522
3.140011
3.086395
3.019139
3.000000
3.100372
3.184897
3.240232
3.257639
3.234370
3.174100
3.086343
2.984954
2.885941
2.804935
2.754726
2.743240
2.772291
2.837292
2.927981
3.030040
3.127357
3.204567
3.249480
3.255006
3.220272
3.150762
3.057450
2.955068
2.859779
2.786629
2.747165
2.747618
2.787917
2.861699
2.957316
3.059671
3.152606
3.221448
3.255328
3.248897
3.203171
3.125369
3.027773
3.000000
3.115728
3.213185
3.276985
3.297055
3.270227
3.200736
3.099553
2.982652
2.868491
2.775092
2.717201
2.703958
2.737453
2.812399
2.916963
3.034636
3.146842
3.235864
3.287649
3.294020
3.253972
3.173827
3.066239
2.948193
2.838327
2.753985
2.708483
2.709006
2.755470
2.840540
2.950785
3.068801
3.175954
3.255328
3.294391
3.286976
3.234254
3.144549
3.032022
3.000000
3.112813
3.207816
3.270009
3.289574
3.263421
3.195680
3.097045
2.983089
2.871803
2.780756
2.724323
2.711414
2.744066
2.817124
2.919054
3.033764
3.143143
3.229923
3.280404
3.286614
3.247575
3.169449
3.064571
2.949498
2.842399
2.760181
2.715825
2.716335
2.761629
2.844556
2.952025
3.067068
3.171522
3.248897
3.286976
3.279748
3.228355
3.140908
3.031216
3.000000
3.092088
3.169637
3.220405
3.236375
3.215027
3.159731
3.079217
2.986196
2.895355
2.821035
2.774969
2.764431
2.791085
2.850721
2.933925
3.027561
3.116846
3.187683
3.228889
3.233959
3.202092
3.138319
3.052708
2.958776
2.871352
2.804239
2.768032
2.768448
2.805421
2.873114
2.960839
3.054746
3.140011
3.203171
3.234254
3.228355
3.186402
3.115021
3.025481
3.000000
3.056824
3.104676
3.136003
3.145857
3.132684
3.098563
3.048881
2.991482
2.935428
2.889568
2.861143
2.854640
2.871087
2.907886
2.959228
3.017007
3.072101
3.115812
3.141238
3.144367
3.124703
3.085351
3.032524
2.974562
2.920617
2.879204
2.856862
2.857119
2.879933
2.921703
2.975835
3.033782
3.086395
3.125369
3.144549
3.140908
3.115021
3.070975
3.015723
3.000000
3.012588
3.023189
3.030129
3.032312
3.029394
3.021835
3.010829
2.998113
2.985695
2.975536
2.969238
2.967798
2.971441
2.979594
2.990968
3.003768
3.015973
3.025656
3.031289
3.031982
3.027626
3.018908
3.007205
2.994365
2.982414
2.973240
2.968290
2.968347
2.973401
2.982655
2.994647
3.007484
3.019139
3.027773
3.032022
3.031216
3.025481
3.015723
3.003483
