0
1.83773e-39
8.04883e-38
2.94705e-36
9.19108e-35
2.4426e-33
5.53161e-32
1.06749e-30
1.75545e-29
2.45994e-28
2.93748e-27
2.98909e-26
2.59188e-25
1.91515e-24
1.20588e-23
6.47023e-23
2.95834e-22
1.15263e-21
3.82685e-21
1.0827e-20
2.61028e-20
5.36264e-20
9.38823e-20
1.40056e-19
1.78046e-19
1.92875e-19
1.78046e-19
1.40056e-19
9.38823e-20
5.36264e-20
2.61028e-20
1.0827e-20
3.82685e-21
1.15263e-21
2.95834e-22
6.47023e-23
1.20588e-23
1.91515e-24
2.59188e-25
2.98909e-26
2.93748e-27
2.45994e-28
1.75545e-29
1.06749e-30
5.53161e-32
2.4426e-33
9.19108e-35
2.94705e-36
8.04883e-38
1.83773e-39
0
1.83773e-39
9.44603e-38
4.05848e-36
1.48535e-34
4.63235e-33
1.23108e-31
2.78795e-30
5.38019e-29
8.84753e-28
1.23982e-26
1.4805e-25
1.50651e-24
1.30632e-23
9.65246e-23
6.07771e-22
3.26103e-21
1.49102e-20
5.80928e-20
1.92875e-19
5.45685e-19
1.31559e-18
2.7028e-18
4.73171e-18
7.05888e-18
8.9736e-18
9.72099e-18
8.9736e-18
7.05888e-18
4.73171e-18
2.7028e-18
1.31559e-18
5.45685e-19
1.92875e-19
5.80928e-20
1.49102e-20
3.26103e-21
6.07771e-22
9.65246e-23
1.30632e-23
1.50651e-24
1.4805e-25
1.23982e-26
8.84753e-28
5.38019e-29
2.78795e-30
1.23108e-31
4.63235e-33
1.48535e-34
4.05848e-36
9.44603e-38
1.83773e-39
8.04883e-38
4.05848e-36
1.74307e-34
6.37933e-33
1.98952e-31
5.2873e-30
1.19738e-28
2.31071e-27
3.79987e-26
5.32484e-25
6.35853e-24
6.47023e-23
5.61043e-22
4.14558e-21
2.61028e-20
1.40056e-19
6.40368e-19
2.495e-18
8.28368e-18
2.34363e-17
5.65026e-17
1.16081e-16
2.0322e-16
3.03168e-16
3.85402e-16
4.17501e-16
3.85402e-16
3.03168e-16
2.0322e-16
1.16081e-16
5.65026e-17
2.34363e-17
8.28368e-18
2.495e-18
6.40368e-19
1.40056e-19
2.61028e-20
4.14558e-21
5.61043e-22
6.47023e-23
6.35853e-24
5.32484e-25
3.79987e-26
2.31071e-27
1.19738e-28
5.2873e-30
1.98952e-31
6.37933e-33
1.74307e-34
4.05848e-36
8.04883e-38
2.94705e-36
1.48535e-34
6.37933e-33
2.33472e-31
7.28129e-30
1.93506e-28
4.38221e-27
8.45677e-26
1.39069e-24
1.9488e-23
2.32711e-22
2.36799e-21
2.05332e-20
1.51721e-19
9.55316e-19
5.1258e-18
2.34363e-17
9.13124e-17
3.03168e-16
8.57728e-16
2.0679e-15
4.24835e-15
7.43748e-15
1.10954e-14
1.4105e-14
1.52798e-14
1.4105e-14
1.10954e-14
7.43748e-15
4.24835e-15
2.0679e-15
8.57728e-16
3.03168e-16
9.13124e-17
2.34363e-17
5.1258e-18
9.55316e-19
1.51721e-19
2.05332e-20
2.36799e-21
2.32711e-22
1.9488e-23
1.39069e-24
8.45677e-26
4.38221e-27
1.93506e-28
7.28129e-30
2.33472e-31
6.37933e-33
1.48535e-34
2.94705e-36
9.19108e-35
4.63235e-33
1.98952e-31
7.28129e-30
2.27081e-28
6.03486e-27
1.36668e-25
2.63741e-24
4.33713e-23
6.07771e-22
7.25755e-21
7.38505e-20
6.40368e-19
4.73171e-18
2.97934e-17
1.59858e-16
7.30908e-16
2.84776e-15
9.45489e-15
2.67499e-14
6.44914e-14
1.32493e-13
2.31952e-13
3.46032e-13
4.39893e-13
4.7653e-13
4.39893e-13
3.46032e-13
2.31952e-13
1.32493e-13
6.44914e-14
2.67499e-14
9.45489e-15
2.84776e-15
7.30908e-16
1.59858e-16
2.97934e-17
4.73171e-18
6.40368e-19
7.38505e-20
7.25755e-21
6.07771e-22
4.33713e-23
2.63741e-24
1.36668e-25
6.03486e-27
2.27081e-28
7.28129e-30
1.98952e-31
4.63235e-33
9.19108e-35
2.4426e-33
1.23108e-31
5.2873e-30
1.93506e-28
6.03486e-27
1.60381e-25
3.63205e-24
7.00912e-23
1.15263e-21
1.6152e-20
1.92875e-19
1.96263e-18
1.70183e-17
1.25749e-16
7.91783e-16
4.24835e-15
1.94244e-14
7.56813e-14
2.51271e-13
7.109e-13
1.71391e-12
3.52111e-12
6.16431e-12
9.19607e-12
1.16905e-11
1.26642e-11
1.16905e-11
9.19607e-12
6.16431e-12
3.52111e-12
1.71391e-12
7.109e-13
2.51271e-13
7.56813e-14
1.94244e-14
4.24835e-15
7.91783e-16
1.25749e-16
1.70183e-17
1.96263e-18
1.92875e-19
1.6152e-20
1.15263e-21
7.00912e-23
3.63205e-24
1.60381e-25
6.03486e-27
1.93506e-28
5.2873e-30
1.23108e-31
2.4426e-33
5.53161e-32
2.78795e-30
1.19738e-28
4.38221e-27
1.36668e-25
3.63205e-24
8.22528e-23
1.58731e-21
2.61028e-20
3.65784e-19
4.36792e-18
4.44465e-17
3.85402e-16
2.84776e-15
1.7931e-14
9.62098e-14
4.39893e-13
1.71391e-12
5.69038e-12
1.60993e-11
3.88138e-11
7.97404e-11
1.39599e-10
2.08258e-10
2.64747e-10
2.86798e-10
2.64747e-10
2.08258e-10
1.39599e-10
7.97404e-11
3.88138e-11
1.60993e-11
5.69038e-12
1.71391e-12
4.39893e-13
9.62098e-14
1.7931e-14
2.84776e-15
3.85402e-16
4.44465e-17
4.36792e-18
3.65784e-19
2.61028e-20
1.58731e-21
8.22528e-23
3.63205e-24
1.36668e-25
4.38221e-27
1.19738e-28
2.78795e-30
5.53161e-32
1.06749e-30
5.38019e-29
2.31071e-27
8.45677e-26
2.63741e-24
7.00912e-23
1.58731e-21
3.06319e-20
5.03731e-19
7.05888e-18
8.4292e-17
8.57728e-16
7.43748e-15
5.49559e-14
3.46032e-13
1.85665e-12
8.48904e-12
3.3075e-11
1.09813e-10
3.10684e-10
7.49028e-10
1.53883e-09
2.69398e-09
4.01895e-09
5.10909e-09
5.53461e-09
5.10909e-09
4.01895e-09
2.69398e-09
1.53883e-09
7.49028e-10
3.10684e-10
1.09813e-10
3.3075e-11
8.48904e-12
1.85665e-12
3.46032e-13
5.49559e-14
7.43748e-15
8.57728e-16
8.4292e-17
7.05888e-18
5.03731e-19
3.06319e-20
1.58731e-21
7.00912e-23
2.63741e-24
8.45677e-26
2.31071e-27
5.38019e-29
1.06749e-30
1.75545e-29
8.84753e-28
3.79987e-26
1.39069e-24
4.33713e-23
1.15263e-21
2.61028e-20
5.03731e-19
8.28368e-18
1.16081e-16
1.38615e-15
1.4105e-14
1.22307e-13
9.03731e-13
5.69038e-12
3.0532e-11
1.39599e-10
5.43906e-10
1.80583e-09
5.10909e-09
1.23175e-08
2.53055e-08
4.43016e-08
6.60902e-08
8.40172e-08
9.10147e-08
8.40172e-08
6.60902e-08
4.43016e-08
2.53055e-08
1.23175e-08
5.10909e-09
1.80583e-09
5.43906e-10
1.39599e-10
3.0532e-11
5.69038e-12
9.03731e-13
1.22307e-13
1.4105e-14
1.38615e-15
1.16081e-16
8.28368e-18
5.03731e-19
2.61028e-20
1.15263e-21
4.33713e-23
1.39069e-24
3.79987e-26
8.84753e-28
1.75545e-29
2.45994e-28
1.23982e-26
5.32484e-25
1.9488e-23
6.07771e-22
1.6152e-20
3.65784e-19
7.05888e-18
1.16081e-16
1.62666e-15
1.94244e-14
1.97657e-13
1.71391e-12
1.26642e-11
7.97404e-11
4.27852e-10
1.95623e-09
7.62187e-09
2.53055e-08
7.15947e-08
1.72608e-07
3.54611e-07
6.20808e-07
9.26136e-07
1.17735e-06
1.27541e-06
1.17735e-06
9.26136e-07
6.20808e-07
3.54611e-07
1.72608e-07
7.15947e-08
2.53055e-08
7.62187e-09
1.95623e-09
4.27852e-10
7.97404e-11
1.26642e-11
1.71391e-12
1.97657e-13
1.94244e-14
1.62666e-15
1.16081e-16
7.05888e-18
3.65784e-19
1.6152e-20
6.07771e-22
1.9488e-23
5.32484e-25
1.23982e-26
2.45994e-28
2.93748e-27
1.4805e-25
6.35853e-24
2.32711e-22
7.25755e-21
1.92875e-19
4.36792e-18
8.4292e-17
1.38615e-15
1.94244e-14
2.31952e-13
2.36027e-12
2.04662e-11
1.51226e-10
9.52201e-10
5.10909e-09
2.33599e-08
9.10147e-08
3.02179e-07
8.54931e-07
2.06115e-06
4.2345e-06
7.41323e-06
1.10592e-05
1.4059e-05
1.523e-05
1.4059e-05
1.10592e-05
7.41323e-06
4.2345e-06
2.06115e-06
8.54931e-07
3.02179e-07
9.10147e-08
2.33599e-08
5.10909e-09
9.52201e-10
1.51226e-10
2.04662e-11
2.36027e-12
2.31952e-13
1.94244e-14
1.38615e-15
8.4292e-17
4.36792e-18
1.92875e-19
7.25755e-21
2.32711e-22
6.35853e-24
1.4805e-25
2.93748e-27
2.98909e-26
1.50651e-24
6.47023e-23
2.36799e-21
7.38505e-20
1.96263e-18
4.44465e-17
8.57728e-16
1.4105e-14
1.97657e-13
2.36027e-12
2.40173e-11
2.08258e-10
1.53883e-09
9.68929e-09
5.19884e-08
2.37703e-07
9.26136e-07
3.07488e-06
8.6995e-06
2.09736e-05
4.30889e-05
7.54346e-05
0.000112535
0.00014306
0.000154975
0.00014306
0.000112535
7.54346e-05
4.30889e-05
2.09736e-05
8.6995e-06
3.07488e-06
9.26136e-07
2.37703e-07
5.19884e-08
9.68929e-09
1.53883e-09
2.08258e-10
2.40173e-11
2.36027e-12
1.97657e-13
1.4105e-14
8.57728e-16
4.44465e-17
1.96263e-18
7.38505e-20
2.36799e-21
6.47023e-23
1.50651e-24
2.98909e-26
2.59188e-25
1.30632e-23
5.61043e-22
2.05332e-20
6.40368e-19
1.70183e-17
3.85402e-16
7.43748e-15
1.22307e-13
1.71391e-12
2.04662e-11
2.08258e-10
1.80583e-09
1.33434e-08
8.40172e-08
4.50799e-07
2.06115e-06
8.03065e-06
2.66627e-05
7.54346e-05
0.000181865
0.00037363
0.000654104
0.000975808
0.0012405
0.00134381
0.0012405
0.000975808
0.000654104
0.00037363
0.000181865
7.54346e-05
2.66627e-05
8.03065e-06
2.06115e-06
4.50799e-07
8.40172e-08
1.33434e-08
1.80583e-09
2.08258e-10
2.04662e-11
1.71391e-12
1.22307e-13
7.43748e-15
3.85402e-16
1.70183e-17
6.40368e-19
2.05332e-20
5.61043e-22
1.30632e-23
2.59188e-25
1.91515e-24
9.65246e-23
4.14558e-21
1.51721e-19
4.73171e-18
1.25749e-16
2.84776e-15
5.49559e-14
9.03731e-13
1.26642e-11
1.51226e-10
1.53883e-09
1.33434e-08
9.85951e-08
6.20808e-07
3.33098e-06
1.523e-05
5.93389e-05
0.000197012
0.00055739
0.00134381
0.00276077
0.00483321
0.0072103
0.00916609
0.0099295
0.00916609
0.0072103
0.00483321
0.00276077
0.00134381
0.00055739
0.000197012
5.93389e-05
1.523e-05
3.33098e-06
6.20808e-07
9.85951e-08
1.33434e-08
1.53883e-09
1.51226e-10
1.26642e-11
9.03731e-13
5.49559e-14
2.84776e-15
1.25749e-16
4.73171e-18
1.51721e-19
4.14558e-21
9.65246e-23
1.91515e-24
1.20588e-23
6.07771e-22
2.61028e-20
9.55316e-19
2.97934e-17
7.91783e-16
1.7931e-14
3.46032e-13
5.69038e-12
7.97404e-11
9.52201e-10
9.68929e-09
8.40172e-08
6.20808e-07
3.90894e-06
2.09736e-05
9.58962e-05
0.00037363
0.0012405
0.00350963
0.00846137
0.0173833
0.0304325
0.0453999
0.0577146
0.0625215
0.0577146
0.0453999
0.0304325
0.0173833
0.00846137
0.00350963
0.0012405
0.00037363
9.58962e-05
2.09736e-05
3.90894e-06
6.20808e-07
8.40172e-08
9.68929e-09
9.52201e-10
7.97404e-11
5.69038e-12
3.46032e-13
1.7931e-14
7.91783e-16
2.97934e-17
9.55316e-19
2.61028e-20
6.07771e-22
1.20588e-23
6.47023e-23
3.26103e-21
1.40056e-19
5.1258e-18
1.59858e-16
4.24835e-15
9.62098e-14
1.85665e-12
3.0532e-11
4.27852e-10
5.10909e-09
5.19884e-08
4.50799e-07
3.33098e-06
2.09736e-05
0.000112535
0.000514536
0.00200473
0.00665595
0.0188311
0.0453999
0.0932711
0.163287
0.243596
0.309671
0.335463
0.309671
0.243596
0.163287
0.0932711
0.0453999
0.0188311
0.00665595
0.00200473
0.000514536
0.000112535
2.09736e-05
3.33098e-06
4.50799e-07
5.19884e-08
5.10909e-09
4.27852e-10
3.0532e-11
1.85665e-12
9.62098e-14
4.24835e-15
1.59858e-16
5.1258e-18
1.40056e-19
3.26103e-21
6.47023e-23
2.95834e-22
1.49102e-20
6.40368e-19
2.34363e-17
7.30908e-16
1.94244e-14
4.39893e-13
8.48904e-12
1.39599e-10
1.95623e-09
2.33599e-08
2.37703e-07
2.06115e-06
1.523e-05
9.58962e-05
0.000514536
0.00235258
0.00916609
0.0304325
0.0861001
0.207579
0.426457
0.746586
1.11378
1.41589
1.53381
1.41589
1.11378
0.746586
0.426457
0.207579
0.0861001
0.0304325
0.00916609
0.00235258
0.000514536
9.58962e-05
1.523e-05
2.06115e-06
2.37703e-07
2.33599e-08
1.95623e-09
1.39599e-10
8.48904e-12
4.39893e-13
1.94244e-14
7.30908e-16
2.34363e-17
6.40368e-19
1.49102e-20
2.95834e-22
1.15263e-21
5.80928e-20
2.495e-18
9.13124e-17
2.84776e-15
7.56813e-14
1.71391e-12
3.3075e-11
5.43906e-10
7.62187e-09
9.10147e-08
9.26136e-07
8.03065e-06
5.93389e-05
0.00037363
0.00200473
0.00916609
0.0357128
0.118571
0.335463
0.808767
1.66156
2.90884
4.33948
5.51656
5.97602
5.51656
4.33948
2.90884
1.66156
0.808767
0.335463
0.118571
0.0357128
0.00916609
0.00200473
0.00037363
5.93389e-05
8.03065e-06
9.26136e-07
9.10147e-08
7.62187e-09
5.43906e-10
3.3075e-11
1.71391e-12
7.56813e-14
2.84776e-15
9.13124e-17
2.495e-18
5.80928e-20
1.15263e-21
3.82685e-21
1.92875e-19
8.28368e-18
3.03168e-16
9.45489e-15
2.51271e-13
5.69038e-12
1.09813e-10
1.80583e-09
2.53055e-08
3.02179e-07
3.07488e-06
2.66627e-05
0.000197012
0.0012405
0.00665595
0.0304325
0.118571
0.393669
1.11378
2.6852
5.51656
9.6577
14.4076
18.3156
19.8411
18.3156
14.4076
9.6577
5.51656
2.6852
1.11378
0.393669
0.118571
0.0304325
0.00665595
0.0012405
0.000197012
2.66627e-05
3.07488e-06
3.02179e-07
2.53055e-08
1.80583e-09
1.09813e-10
5.69038e-12
2.51271e-13
9.45489e-15
3.03168e-16
8.28368e-18
1.92875e-19
3.82685e-21
1.0827e-20
5.45685e-19
2.34363e-17
8.57728e-16
2.67499e-14
7.109e-13
1.60993e-11
3.10684e-10
5.10909e-09
7.15947e-08
8.54931e-07
8.6995e-06
7.54346e-05
0.00055739
0.00350963
0.0188311
0.0861001
0.335463
1.11378
3.15111
7.59701
15.6076
27.3237
40.7622
51.8189
56.1348
51.8189
40.7622
27.3237
15.6076
7.59701
3.15111
1.11378
0.335463
0.0861001
0.0188311
0.00350963
0.00055739
7.54346e-05
8.6995e-06
8.54931e-07
7.15947e-08
5.10909e-09
3.10684e-10
1.60993e-11
7.109e-13
2.67499e-14
8.57728e-16
2.34363e-17
5.45685e-19
1.0827e-20
2.61028e-20
1.31559e-18
5.65026e-17
2.0679e-15
6.44914e-14
1.71391e-12
3.88138e-11
7.49028e-10
1.23175e-08
1.72608e-07
2.06115e-06
2.09736e-05
0.000181865
0.00134381
0.00846137
0.0453999
0.207579
0.808767
2.6852
7.59701
18.3156
37.6283
65.8748
98.2736
124.93
135.335
124.93
98.2736
65.8748
37.6283
18.3156
7.59701
2.6852
0.808767
0.207579
0.0453999
0.00846137
0.00134381
0.000181865
2.09736e-05
2.06115e-06
1.72608e-07
1.23175e-08
7.49028e-10
3.88138e-11
1.71391e-12
6.44914e-14
2.0679e-15
5.65026e-17
1.31559e-18
2.61028e-20
5.36264e-20
2.7028e-18
1.16081e-16
4.24835e-15
1.32493e-13
3.52111e-12
7.97404e-11
1.53883e-09
2.53055e-08
3.54611e-07
4.2345e-06
4.30889e-05
0.00037363
0.00276077
0.0173833
0.0932711
0.426457
1.66156
5.51656
15.6076
37.6283
77.3047
135.335
201.897
256.661
278.037
256.661
201.897
135.335
77.3047
37.6283
15.6076
5.51656
1.66156
0.426457
0.0932711
0.0173833
0.00276077
0.00037363
4.30889e-05
4.2345e-06
3.54611e-07
2.53055e-08
1.53883e-09
7.97404e-11
3.52111e-12
1.32493e-13
4.24835e-15
1.16081e-16
2.7028e-18
5.36264e-20
9.38823e-20
4.73171e-18
2.0322e-16
7.43748e-15
2.31952e-13
6.16431e-12
1.39599e-10
2.69398e-09
4.43016e-08
6.20808e-07
7.41323e-06
7.54346e-05
0.000654104
0.00483321
0.0304325
0.163287
0.746586
2.90884
9.6577
27.3237
65.8748
135.335
236.928
353.455
449.329
486.752
449.329
353.455
236.928
135.335
65.8748
27.3237
9.6577
2.90884
0.746586
0.163287
0.0304325
0.00483321
0.000654104
7.54346e-05
7.41323e-06
6.20808e-07
4.43016e-08
2.69398e-09
1.39599e-10
6.16431e-12
2.31952e-13
7.43748e-15
2.0322e-16
4.73171e-18
9.38823e-20
1.40056e-19
7.05888e-18
3.03168e-16
1.10954e-14
3.46032e-13
9.19607e-12
2.08258e-10
4.01895e-09
6.60902e-08
9.26136e-07
1.10592e-05
0.000112535
0.000975808
0.0072103
0.0453999
0.243596
1.11378
4.33948
14.4076
40.7622
98.2736
201.897
353.455
527.292
670.32
726.149
670.32
527.292
353.455
201.897
98.2736
40.7622
14.4076
4.33948
1.11378
0.243596
0.0453999
0.0072103
0.000975808
0.000112535
1.10592e-05
9.26136e-07
6.60902e-08
4.01895e-09
2.08258e-10
9.19607e-12
3.46032e-13
1.10954e-14
3.03168e-16
7.05888e-18
1.40056e-19
1.78046e-19
8.9736e-18
3.85402e-16
1.4105e-14
4.39893e-13
1.16905e-11
2.64747e-10
5.10909e-09
8.40172e-08
1.17735e-06
1.4059e-05
0.00014306
0.0012405
0.00916609
0.0577146
0.309671
1.41589
5.51656
18.3156
51.8189
124.93
256.661
449.329
670.32
852.144
923.116
852.144
670.32
449.329
256.661
124.93
51.8189
18.3156
5.51656
1.41589
0.309671
0.0577146
0.00916609
0.0012405
0.00014306
1.4059e-05
1.17735e-06
8.40172e-08
5.10909e-09
2.64747e-10
1.16905e-11
4.39893e-13
1.4105e-14
3.85402e-16
8.9736e-18
1.78046e-19
1.92875e-19
9.72099e-18
4.17501e-16
1.52798e-14
4.7653e-13
1.26642e-11
2.86798e-10
5.53461e-09
9.10147e-08
1.27541e-06
1.523e-05
0.000154975
0.00134381
0.0099295
0.0625215
0.335463
1.53381
5.97602
19.8411
56.1348
135.335
278.037
486.752
726.149
923.116
1000
923.116
726.149
486.752
278.037
135.335
56.1348
19.8411
5.97602
1.53381
0.335463
0.0625215
0.0099295
0.00134381
0.000154975
1.523e-05
1.27541e-06
9.10147e-08
5.53461e-09
2.86798e-10
1.26642e-11
4.7653e-13
1.52798e-14
4.17501e-16
9.72099e-18
1.92875e-19
1.78046e-19
8.9736e-18
3.85402e-16
1.4105e-14
4.39893e-13
1.16905e-11
2.64747e-10
5.10909e-09
8.40172e-08
1.17735e-06
1.4059e-05
0.00014306
0.0012405
0.00916609
0.0577146
0.309671
1.41589
5.51656
18.3156
51.8189
124.93
256.661
449.329
670.32
852.144
923.116
852.144
670.32
449.329
256.661
124.93
51.8189
18.3156
5.51656
1.41589
0.309671
0.0577146
0.00916609
0.0012405
0.00014306
1.4059e-05
1.17735e-06
8.40172e-08
5.10909e-09
2.64747e-10
1.16905e-11
4.39893e-13
1.4105e-14
3.85402e-16
8.9736e-18
1.78046e-19
1.40056e-19
7.05888e-18
3.03168e-16
1.10954e-14
3.46032e-13
9.19607e-12
2.08258e-10
4.01895e-09
6.60902e-08
9.26136e-07
1.10592e-05
0.000112535
0.000975808
0.0072103
0.0453999
0.243596
1.11378
4.33948
14.4076
40.7622
98.2736
201.897
353.455
527.292
670.32
726.149
670.32
527.292
353.455
201.897
98.2736
40.7622
14.4076
4.33948
1.11378
0.243596
0.0453999
0.0072103
0.000975808
0.000112535
1.10592e-05
9.26136e-07
6.60902e-08
4.01895e-09
2.08258e-10
9.19607e-12
3.46032e-13
1.10954e-14
3.03168e-16
7.05888e-18
1.40056e-19
9.38823e-20
4.73171e-18
2.0322e-16
7.43748e-15
2.31952e-13
6.16431e-12
1.39599e-10
2.69398e-09
4.43016e-08
6.20808e-07
7.41323e-06
7.54346e-05
0.000654104
0.00483321
0.0304325
0.163287
0.746586
2.90884
9.6577
27.3237
65.8748
135.335
236.928
353.455
449.329
486.752
449.329
353.455
236.928
135.335
65.8748
27.3237
9.6577
2.90884
0.746586
0.163287
0.0304325
0.00483321
0.000654104
7.54346e-05
7.41323e-06
6.20808e-07
4.43016e-08
2.69398e-09
1.39599e-10
6.16431e-12
2.31952e-13
7.43748e-15
2.0322e-16
4.73171e-18
9.38823e-20
5.36264e-20
2.7028e-18
1.16081e-16
4.24835e-15
1.32493e-13
3.52111e-12
7.97404e-11
1.53883e-09
2.53055e-08
3.54611e-07
4.2345e-06
4.30889e-05
0.00037363
0.00276077
0.0173833
0.0932711
0.426457
1.66156
5.51656
15.6076
37.6283
77.3047
135.335
201.897
256.661
278.037
256.661
201.897
135.335
77.3047
37.6283
15.6076
5.51656
1.66156
0.426457
0.0932711
0.0173833
0.00276077
0.00037363
4.30889e-05
4.2345e-06
3.54611e-07
2.53055e-08
1.53883e-09
7.97404e-11
3.52111e-12
1.32493e-13
4.24835e-15
1.16081e-16
2.7028e-18
5.36264e-20
2.61028e-20
1.31559e-18
5.65026e-17
2.0679e-15
6.44914e-14
1.71391e-12
3.88138e-11
7.49028e-10
1.23175e-08
1.72608e-07
2.06115e-06
2.09736e-05
0.000181865
0.00134381
0.00846137
0.0453999
0.207579
0.808767
2.6852
7.59701
18.3156
37.6283
65.8748
98.2736
124.93
135.335
124.93
98.2736
65.8748
37.6283
18.3156
7.59701
2.6852
0.808767
0.207579
0.0453999
0.00846137
0.00134381
0.000181865
2.09736e-05
2.06115e-06
1.72608e-07
1.23175e-08
7.49028e-10
3.88138e-11
1.71391e-12
6.44914e-14
2.0679e-15
5.65026e-17
1.31559e-18
2.61028e-20
1.0827e-20
5.45685e-19
2.34363e-17
8.57728e-16
2.67499e-14
7.109e-13
1.60993e-11
3.10684e-10
5.10909e-09
7.15947e-08
8.54931e-07
8.6995e-06
7.54346e-05
0.00055739
0.00350963
0.0188311
0.0861001
0.335463
1.11378
3.15111
7.59701
15.6076
27.3237
40.7622
51.8189
56.1348
51.8189
40.7622
27.3237
15.6076
7.59701
3.15111
1.11378
0.335463
0.0861001
0.0188311
0.00350963
0.00055739
7.54346e-05
8.6995e-06
8.54931e-07
7.15947e-08
5.10909e-09
3.10684e-10
1.60993e-11
7.109e-13
2.67499e-14
8.57728e-16
2.34363e-17
5.45685e-19
1.0827e-20
3.82685e-21
1.92875e-19
8.28368e-18
3.03168e-16
9.45489e-15
2.51271e-13
5.69038e-12
1.09813e-10
1.80583e-09
2.53055e-08
3.02179e-07
3.07488e-06
2.66627e-05
0.000197012
0.0012405
0.00665595
0.0304325
0.118571
0.393669
1.11378
2.6852
5.51656
9.6577
14.4076
18.3156
19.8411
18.3156
14.4076
9.6577
5.51656
2.6852
1.11378
0.393669
0.118571
0.0304325
0.00665595
0.0012405
0.000197012
2.66627e-05
3.07488e-06
3.02179e-07
2.53055e-08
1.80583e-09
1.09813e-10
5.69038e-12
2.51271e-13
9.45489e-15
3.03168e-16
8.28368e-18
1.92875e-19
3.82685e-21
1.15263e-21
5.80928e-20
2.495e-18
9.13124e-17
2.84776e-15
7.56813e-14
1.71391e-12
3.3075e-11
5.43906e-10
7.62187e-09
9.10147e-08
9.26136e-07
8.03065e-06
5.93389e-05
0.00037363
0.00200473
0.00916609
0.0357128
0.118571
0.335463
0.808767
1.66156
2.90884
4.33948
5.51656
5.97602
5.51656
4.33948
2.90884
1.66156
0.808767
0.335463
0.118571
0.0357128
0.00916609
0.00200473
0.00037363
5.93389e-05
8.03065e-06
9.26136e-07
9.10147e-08
7.62187e-09
5.43906e-10
3.3075e-11
1.71391e-12
7.56813e-14
2.84776e-15
9.13124e-17
2.495e-18
5.80928e-20
1.15263e-21
2.95834e-22
1.49102e-20
6.40368e-19
2.34363e-17
7.30908e-16
1.94244e-14
4.39893e-13
8.48904e-12
1.39599e-10
1.95623e-09
2.33599e-08
2.37703e-07
2.06115e-06
1.523e-05
9.58962e-05
0.000514536
0.00235258
0.00916609
0.0304325
0.0861001
0.207579
0.426457
0.746586
1.11378
1.41589
1.53381
1.41589
1.11378
0.746586
0.426457
0.207579
0.0861001
0.0304325
0.00916609
0.00235258
0.000514536
9.58962e-05
1.523e-05
2.06115e-06
2.37703e-07
2.33599e-08
1.95623e-09
1.39599e-10
8.48904e-12
4.39893e-13
1.94244e-14
7.30908e-16
2.34363e-17
6.40368e-19
1.49102e-20
2.95834e-22
6.47023e-23
3.26103e-21
1.40056e-19
5.1258e-18
1.59858e-16
4.24835e-15
9.62098e-14
1.85665e-12
3.0532e-11
4.27852e-10
5.10909e-09
5.19884e-08
4.50799e-07
3.33098e-06
2.09736e-05
0.000112535
0.000514536
0.00200473
0.00665595
0.0188311
0.0453999
0.0932711
0.163287
0.243596
0.309671
0.335463
0.309671
0.243596
0.163287
0.0932711
0.0453999
0.0188311
0.00665595
0.00200473
0.000514536
0.000112535
2.09736e-05
3.33098e-06
4.50799e-07
5.19884e-08
5.10909e-09
4.27852e-10
3.0532e-11
1.85665e-12
9.62098e-14
4.24835e-15
1.59858e-16
5.1258e-18
1.40056e-19
3.26103e-21
6.47023e-23
1.20588e-23
6.07771e-22
2.61028e-20
9.55316e-19
2.97934e-17
7.91783e-16
1.7931e-14
3.46032e-13
5.69038e-12
7.97404e-11
9.52201e-10
9.68929e-09
8.40172e-08
6.20808e-07
3.90894e-06
2.09736e-05
9.58962e-05
0.00037363
0.0012405
0.00350963
0.00846137
0.0173833
0.0304325
0.0453999
0.0577146
0.0625215
0.0577146
0.0453999
0.0304325
0.0173833
0.00846137
0.00350963
0.0012405
0.00037363
9.58962e-05
2.09736e-05
3.90894e-06
6.20808e-07
8.40172e-08
9.68929e-09
9.52201e-10
7.97404e-11
5.69038e-12
3.46032e-13
1.7931e-14
7.91783e-16
2.97934e-17
9.55316e-19
2.61028e-20
6.07771e-22
1.20588e-23
1.91515e-24
9.65246e-23
4.14558e-21
1.51721e-19
4.73171e-18
1.25749e-16
2.84776e-15
5.49559e-14
9.03731e-13
1.26642e-11
1.51226e-10
1.53883e-09
1.33434e-08
9.85951e-08
6.20808e-07
3.33098e-06
1.523e-05
5.93389e-05
0.000197012
0.00055739
0.00134381
0.00276077
0.00483321
0.0072103
0.00916609
0.0099295
0.00916609
0.0072103
0.00483321
0.00276077
0.00134381
0.00055739
0.000197012
5.93389e-05
1.523e-05
3.33098e-06
6.20808e-07
9.85951e-08
1.33434e-08
1.53883e-09
1.51226e-10
1.26642e-11
9.03731e-13
5.49559e-14
2.84776e-15
1.25749e-16
4.73171e-18
1.51721e-19
4.14558e-21
9.65246e-23
1.91515e-24
2.59188e-25
1.30632e-23
5.61043e-22
2.05332e-20
6.40368e-19
1.70183e-17
3.85402e-16
7.43748e-15
1.22307e-13
1.71391e-12
2.04662e-11
2.08258e-10
1.80583e-09
1.33434e-08
8.40172e-08
4.50799e-07
2.06115e-06
8.03065e-06
2.66627e-05
7.54346e-05
0.000181865
0.00037363
0.000654104
0.000975808
0.0012405
0.00134381
0.0012405
0.000975808
0.000654104
0.00037363
0.000181865
7.54346e-05
2.66627e-05
8.03065e-06
2.06115e-06
4.50799e-07
8.40172e-08
1.33434e-08
1.80583e-09
2.08258e-10
2.04662e-11
1.71391e-12
1.22307e-13
7.43748e-15
3.85402e-16
1.70183e-17
6.40368e-19
2.05332e-20
5.61043e-22
1.30632e-23
2.59188e-25
2.98909e-26
1.50651e-24
6.47023e-23
2.36799e-21
7.38505e-20
1.96263e-18
4.44465e-17
8.57728e-16
1.4105e-14
1.97657e-13
2.36027e-12
2.40173e-11
2.08258e-10
1.53883e-09
9.68929e-09
5.19884e-08
2.37703e-07
9.26136e-07
3.07488e-06
8.6995e-06
2.09736e-05
4.30889e-05
7.54346e-05
0.000112535
0.00014306
0.000154975
0.00014306
0.000112535
7.54346e-05
4.30889e-05
2.09736e-05
8.6995e-06
3.07488e-06
9.26136e-07
2.37703e-07
5.19884e-08
9.68929e-09
1.53883e-09
2.08258e-10
2.40173e-11
2.36027e-12
1.97657e-13
1.4105e-14
8.57728e-16
4.44465e-17
1.96263e-18
7.38505e-20
2.36799e-21
6.47023e-23
1.50651e-24
2.98909e-26
2.93748e-27
1.4805e-25
6.35853e-24
2.32711e-22
7.25755e-21
1.92875e-19
4.36792e-18
8.4292e-17
1.38615e-15
1.94244e-14
2.31952e-13
2.36027e-12
2.04662e-11
1.51226e-10
9.52201e-10
5.10909e-09
2.33599e-08
9.10147e-08
3.02179e-07
8.54931e-07
2.06115e-06
4.2345e-06
7.41323e-06
1.10592e-05
1.4059e-05
1.523e-05
1.4059e-05
1.10592e-05
7.41323e-06
4.2345e-06
2.06115e-06
8.54931e-07
3.02179e-07
9.10147e-08
2.33599e-08
5.10909e-09
9.52201e-10
1.51226e-10
2.04662e-11
2.36027e-12
2.31952e-13
1.94244e-14
1.38615e-15
8.4292e-17
4.36792e-18
1.92875e-19
7.25755e-21
2.32711e-22
6.35853e-24
1.4805e-25
2.93748e-27
2.45994e-28
1.23982e-26
5.32484e-25
1.9488e-23
6.07771e-22
1.6152e-20
3.65784e-19
7.05888e-18
1.16081e-16
1.62666e-15
1.94244e-14
1.97657e-13
1.71391e-12
1.26642e-11
7.97404e-11
4.27852e-10
1.95623e-09
7.62187e-09
2.53055e-08
7.15947e-08
1.72608e-07
3.54611e-07
6.20808e-07
9.26136e-07
1.17735e-06
1.27541e-06
1.17735e-06
9.26136e-07
6.20808e-07
3.54611e-07
1.72608e-07
7.15947e-08
2.53055e-08
7.62187e-09
1.95623e-09
4.27852e-10
7.97404e-11
1.26642e-11
1.71391e-12
1.97657e-13
1.94244e-14
1.62666e-15
1.16081e-16
7.05888e-18
3.65784e-19
1.6152e-20
6.07771e-22
1.9488e-23
5.32484e-25
1.23982e-26
2.45994e-28
1.75545e-29
8.84753e-28
3.79987e-26
1.39069e-24
4.33713e-23
1.15263e-21
2.61028e-20
5.03731e-19
8.28368e-18
1.16081e-16
1.38615e-15
1.4105e-14
1.22307e-13
9.03731e-13
5.69038e-12
3.0532e-11
1.39599e-10
5.43906e-10
1.80583e-09
5.10909e-09
1.23175e-08
2.53055e-08
4.43016e-08
6.60902e-08
8.40172e-08
9.10147e-08
8.40172e-08
6.60902e-08
4.43016e-08
2.53055e-08
1.23175e-08
5.10909e-09
1.80583e-09
5.43906e-10
1.39599e-10
3.0532e-11
5.69038e-12
9.03731e-13
1.22307e-13
1.4105e-14
1.38615e-15
1.16081e-16
8.28368e-18
5.03731e-19
2.61028e-20
1.15263e-21
4.33713e-23
1.39069e-24
3.79987e-26
8.84753e-28
1.75545e-29
1.06749e-30
5.38019e-29
2.31071e-27
8.45677e-26
2.63741e-24
7.00912e-23
1.58731e-21
3.06319e-20
5.03731e-19
7.05888e-18
8.4292e-17
8.57728e-16
7.43748e-15
5.49559e-14
3.46032e-13
1.85665e-12
8.48904e-12
3.3075e-11
1.09813e-10
3.10684e-10
7.49028e-10
1.53883e-09
2.69398e-09
4.01895e-09
5.10909e-09
5.53461e-09
5.10909e-09
4.01895e-09
2.69398e-09
1.53883e-09
7.49028e-10
3.10684e-10
1.09813e-10
3.3075e-11
8.48904e-12
1.85665e-12
3.46032e-13
5.49559e-14
7.43748e-15
8.57728e-16
8.4292e-17
7.05888e-18
5.03731e-19
3.06319e-20
1.58731e-21
7.00912e-23
2.63741e-24
8.45677e-26
2.31071e-27
5.38019e-29
1.06749e-30
5.53161e-32
2.78795e-30
1.19738e-28
4.38221e-27
1.36668e-25
3.63205e-24
8.22528e-23
1.58731e-21
2.61028e-20
3.65784e-19
4.36792e-18
4.44465e-17
3.85402e-16
2.84776e-15
1.7931e-14
9.62098e-14
4.39893e-13
1.71391e-12
5.69038e-12
1.60993e-11
3.88138e-11
7.97404e-11
1.39599e-10
2.08258e-10
2.64747e-10
2.86798e-10
2.64747e-10
2.08258e-10
1.39599e-10
7.97404e-11
3.88138e-11
1.60993e-11
5.69038e-12
1.71391e-12
4.39893e-13
9.62098e-14
1.7931e-14
2.84776e-15
3.85402e-16
4.44465e-17
4.36792e-18
3.65784e-19
2.61028e-20
1.58731e-21
8.22528e-23
3.63205e-24
1.36668e-25
4.38221e-27
1.19738e-28
2.78795e-30
5.53161e-32
2.4426e-33
1.23108e-31
5.2873e-30
1.93506e-28
6.03486e-27
1.60381e-25
3.63205e-24
7.00912e-23
1.15263e-21
1.6152e-20
1.92875e-19
1.96263e-18
1.70183e-17
1.25749e-16
7.91783e-16
4.24835e-15
1.94244e-14
7.56813e-14
2.51271e-13
7.109e-13
1.71391e-12
3.52111e-12
6.16431e-12
9.19607e-12
1.16905e-11
1.26642e-11
1.16905e-11
9.19607e-12
6.16431e-12
3.52111e-12
1.71391e-12
7.109e-13
2.51271e-13
7.56813e-14
1.94244e-14
4.24835e-15
7.91783e-16
1.25749e-16
1.70183e-17
1.96263e-18
1.92875e-19
1.6152e-20
1.15263e-21
7.00912e-23
3.63205e-24
1.60381e-25
6.03486e-27
1.93506e-28
5.2873e-30
1.23108e-31
2.4426e-33
9.19108e-35
4.63235e-33
1.98952e-31
7.28129e-30
2.27081e-28
6.03486e-27
1.36668e-25
2.63741e-24
4.33713e-23
6.07771e-22
7.25755e-21
7.38505e-20
6.40368e-19
4.73171e-18
2.97934e-17
1.59858e-16
7.30908e-16
2.84776e-15
9.45489e-15
2.67499e-14
6.44914e-14
1.32493e-13
2.31952e-13
3.46032e-13
4.39893e-13
4.7653e-13
4.39893e-13
3.46032e-13
2.31952e-13
1.32493e-13
6.44914e-14
2.67499e-14
9.45489e-15
2.84776e-15
7.30908e-16
1.59858e-16
2.97934e-17
4.73171e-18
6.40368e-19
7.38505e-20
7.25755e-21
6.07771e-22
4.33713e-23
2.63741e-24
1.36668e-25
6.03486e-27
2.27081e-28
7.28129e-30
1.98952e-31
4.63235e-33
9.19108e-35
2.94705e-36
1.48535e-34
6.37933e-33
2.33472e-31
7.28129e-30
1.93506e-28
4.38221e-27
8.45677e-26
1.39069e-24
1.9488e-23
2.32711e-22
2.36799e-21
2.05332e-20
1.51721e-19
9.55316e-19
5.1258e-18
2.34363e-17
9.13124e-17
3.03168e-16
8.57728e-16
2.0679e-15
4.24835e-15
7.43748e-15
1.10954e-14
1.4105e-14
1.52798e-14
1.4105e-14
1.10954e-14
7.43748e-15
4.24835e-15
2.0679e-15
8.57728e-16
3.03168e-16
9.13124e-17
2.34363e-17
5.1258e-18
9.55316e-19
1.51721e-19
2.05332e-20
2.36799e-21
2.32711e-22
1.9488e-23
1.39069e-24
8.45677e-26
4.38221e-27
1.93506e-28
7.28129e-30
2.33472e-31
6.37933e-33
1.48535e-34
2.94705e-36
8.04883e-38
4.05848e-36
1.74307e-34
6.37933e-33
1.98952e-31
5.2873e-30
1.19738e-28
2.31071e-27
3.79987e-26
5.32484e-25
6.35853e-24
6.47023e-23
5.61043e-22
4.14558e-21
2.61028e-20
1.40056e-19
6.40368e-19
2.495e-18
8.28368e-18
2.34363e-17
5.65026e-17
1.16081e-16
2.0322e-16
3.03168e-16
3.85402e-16
4.17501e-16
3.85402e-16
3.03168e-16
2.0322e-16
1.16081e-16
5.65026e-17
2.34363e-17
8.28368e-18
2.495e-18
6.40368e-19
1.40056e-19
2.61028e-20
4.14558e-21
5.61043e-22
6.47023e-23
6.35853e-24
5.32484e-25
3.79987e-26
2.31071e-27
1.19738e-28
5.2873e-30
1.98952e-31
6.37933e-33
1.74307e-34
4.05848e-36
8.04883e-38
1.83773e-39
9.44603e-38
4.05848e-36
1.48535e-34
4.63235e-33
1.23108e-31
2.78795e-30
5.38019e-29
8.84753e-28
1.23982e-26
1.4805e-25
1.50651e-24
1.30632e-23
9.65246e-23
6.07771e-22
3.26103e-21
1.49102e-20
5.80928e-20
1.92875e-19
5.45685e-19
1.31559e-18
2.7028e-18
4.73171e-18
7.05888e-18
8.9736e-18
9.72099e-18
8.9736e-18
7.05888e-18
4.73171e-18
2.7028e-18
1.31559e-18
5.45685e-19
1.92875e-19
5.80928e-20
1.49102e-20
3.26103e-21
6.07771e-22
9.65246e-23
1.30632e-23
1.50651e-24
1.4805e-25
1.23982e-26
8.84753e-28
5.38019e-29
2.78795e-30
1.23108e-31
4.63235e-33
1.48535e-34
4.05848e-36
9.44603e-38
1.83773e-39
0
1.83773e-39
8.04883e-38
2.94705e-36
9.19108e-35
2.4426e-33
5.53161e-32
1.06749e-30
1.75545e-29
2.45994e-28
2.93748e-27
2.98909e-26
2.59188e-25
1.91515e-24
1.20588e-23
6.47023e-23
2.95834e-22
1.15263e-21
3.82685e-21
1.0827e-20
2.61028e-20
5.36264e-20
9.38823e-20
1.40056e-19
1.78046e-19
1.92875e-19
1.78046e-19
1.40056e-19
9.38823e-20
5.36264e-20
2.61028e-20
1.0827e-20
3.82685e-21
1.15263e-21
2.95834e-22
6.47023e-23
1.20588e-23
1.91515e-24
2.59188e-25
2.98909e-26
2.93748e-27
2.45994e-28
1.75545e-29
1.06749e-30
5.53161e-32
2.4426e-33
9.19108e-35
2.94705e-36
8.04883e-38
1.83773e-39
0
