# 90.168557 39.271531 44
89.393469 39.277104 22.240403
89.420219 39.222124 21.558264
89.885924 38.943295 14.631826
89.293503 39.285247 25.111423
89.989581 39.283375 5.153833
89.753638 38.930019 17.397227
89.269107 39.257503 25.816551
89.260995 39.251492 26.055809
89.623982 39.265932 15.628021
89.408114 39.142141 22.360572
89.305519 38.936888 27.749289
89.800735 39.135412 11.707445
90.050189 39.218769 3.920343
89.614336 38.951860 19.860499
89.649459 39.285509 14.902530
90.019926 39.100668 7.638080
89.494633 39.125659 20.098537
89.725292 39.205167 12.960634
89.621776 39.031195 18.065196
89.586976 39.044739 18.709526
89.359426 38.944951 26.231014
89.212731 39.094461 28.234359
89.432117 39.009364 23.294361
89.795029 39.186633 11.176644
89.483778 39.063560 21.134051
89.400947 38.914837 25.736909
89.633576 39.094975 16.705177
89.527181 39.284911 18.408541
90.061478 39.078515 7.787706
89.781938 38.983382 15.415637
90.205805 39.227504 1.950913
90.231526 39.033161 9.018658
89.965409 39.202995 6.361220
89.922703 38.934235 14.363230
89.288127 39.053922 26.556597
90.093960 38.957472 11.836634
89.728040 39.199286 12.927094
89.332590 38.997306 26.094873
89.724612 39.033984 15.502994
89.488540 39.099072 20.555527
89.987624 39.057909 9.472542
89.948282 38.922526 14.404337
89.306624 39.269530 24.732693
89.425898 39.152494 21.779489
# 89.393469 39.277104 43
89.420219 39.222124 2.177681
89.885924 38.943295 18.806100
89.293503 39.285247 2.883879
89.989581 39.283375 17.104282
89.753638 38.930019 16.517168
89.269107 39.257503 3.641857
89.260995 39.251492 3.918334
89.623982 39.265932 6.627302
89.408114 39.142141 5.020037
89.305519 38.936888 12.861310
89.800735 39.135412 12.821860
90.050189 39.218769 18.973846
89.614336 38.951860 13.626111
89.649459 39.285509 7.350946
90.019926 39.100668 19.148046
89.494633 39.125659 6.320765
89.725292 39.205167 9.891593
89.621776 39.031195 11.231006
89.586976 39.044739 10.252031
89.359426 38.944951 12.350094
89.212731 39.094461 8.531688
89.432117 39.009364 9.985752
89.795029 39.186633 12.006635
89.483778 39.063560 8.329546
89.400947 38.914837 13.429139
89.633576 39.094975 9.651588
89.527181 39.284911 3.847121
90.061478 39.078515 20.556426
89.781938 38.983382 15.597160
90.205805 39.227504 23.387873
90.231526 39.033161 25.728108
89.965409 39.202995 16.646791
89.922703 38.934235 19.829314
89.288127 39.053922 8.808734
90.093960 38.957472 23.369503
89.728040 39.199286 10.028479
89.332590 38.997306 10.517351
89.724612 39.033984 13.106686
89.488540 39.099072 7.141631
89.987624 39.057909 18.908350
89.948282 38.922526 20.673684
89.306624 39.269530 2.507624
89.425898 39.152494 4.711604
# 89.420219 39.222124 42
89.885924 38.943295 16.921471
89.293503 39.285247 4.324494
89.989581 39.283375 16.498597
89.753638 38.930019 14.465837
89.269107 39.257503 4.531829
89.260995 39.251492 4.698855
89.623982 39.265932 6.070289
89.408114 39.142141 2.984878
89.305519 38.936888 11.075382
89.800735 39.135412 11.395576
90.050189 39.218769 18.089949
89.614336 38.951860 11.468853
89.649459 39.285509 6.986343
90.019926 39.100668 17.813222
89.494633 39.125659 4.166027
89.725292 39.205167 8.783510
89.621776 39.031195 9.146983
89.586976 39.044739 8.137149
89.359426 38.944951 10.421215
89.212731 39.094461 7.612538
89.432117 39.009364 7.893341
89.795029 39.186633 10.845163
89.483778 39.063560 6.154608
89.400947 38.914837 11.403073
89.633576 39.094975 7.733730
89.527181 39.284911 3.852353
90.061478 39.078515 19.185228
89.781938 38.983382 13.658295
90.205805 39.227504 22.557464
90.231526 39.033161 24.356042
89.965409 39.202995 15.672881
89.922703 38.934235 17.969209
89.288127 39.053922 7.299875
90.093960 38.957472 21.723165
89.728040 39.199286 8.880718
89.332590 38.997306 8.705639
89.724612 39.033984 11.190512
89.488540 39.099072 4.965603
89.987624 39.057909 17.410220
89.948282 38.922526 18.820316
89.306624 39.269530 3.703982
89.425898 39.152494 2.585969
# 89.885924 38.943295 41
89.293503 39.285247 21.234367
89.989581 39.283375 12.952758
89.753638 38.930019 3.845516
89.269107 39.257503 21.222863
89.260995 39.251492 21.298641
89.623982 39.265932 14.133909
89.408114 39.142141 15.605047
89.305519 38.936888 16.734311
89.800735 39.135412 7.531290
90.050189 39.218769 11.251201
89.614336 38.951860 7.835278
89.649459 39.285509 14.392067
90.019926 39.100668 6.993841
89.494633 39.125659 13.137791
89.725292 39.205167 10.750605
89.621776 39.031195 8.278201
89.586976 39.044739 9.396921
89.359426 38.944951 15.177799
89.212731 39.094461 20.179466
89.432117 39.009364 13.303559
89.795029 39.186633 9.390971
89.483778 39.063560 12.411312
89.400947 38.914837 14.023411
89.633576 39.094975 9.187742
89.527181 39.284911 16.332853
90.061478 39.078515 7.119167
89.781938 38.983382 3.344976
90.205805 39.227504 13.987982
90.231526 39.033161 10.499048
89.965409 39.202995 9.893756
89.922703 38.934235 1.112222
89.288127 39.053922 17.701253
90.093960 38.957472 6.019630
89.728040 39.199286 10.519905
89.332590 38.997306 16.070572
89.724612 39.033984 5.735537
89.488540 39.099072 12.817313
89.987624 39.057909 5.160261
89.948282 38.922526 1.955777
89.306624 39.269530 20.586822
89.425898 39.152494 15.345166
# 89.293503 39.285247 40
89.989581 39.283375 19.969722
89.753638 38.930019 18.667968
89.269107 39.257503 1.243991
89.260995 39.251492 1.560606
89.623982 39.265932 9.509222
89.408114 39.142141 6.242431
89.305519 38.936888 12.916563
89.800735 39.135412 15.589938
90.050189 39.218769 21.857692
89.614336 38.951860 15.421237
89.649459 39.285509 10.211783
90.019926 39.100668 21.960163
89.494633 39.125659 8.267924
89.725292 39.205167 12.744855
89.621776 39.031195 13.329742
89.586976 39.044739 12.271689
89.359426 38.944951 12.754739
89.212731 39.094461 7.442455
89.432117 39.009364 10.974441
89.795029 39.186633 14.854782
89.483778 39.063560 9.869532
89.400947 38.914837 14.072801
89.633576 39.094975 12.048960
89.527181 39.284911 6.703889
90.061478 39.078515 23.357024
89.781938 38.983382 17.954862
90.205805 39.227504 26.270502
90.231526 39.033161 28.531854
89.965409 39.202995 19.526649
89.922703 38.934235 22.287288
89.288127 39.053922 8.575440
90.093960 38.957472 26.026809
89.728040 39.199286 12.874298
89.332590 38.997306 10.731524
89.724612 39.033984 15.499809
89.488540 39.099072 8.888671
89.987624 39.057909 21.652313
89.948282 38.922526 23.139331
89.306624 39.269530 0.693621
89.425898 39.152494 6.218109
# 89.989581 39.283375 39
89.753638 38.930019 14.750783
89.269107 39.257503 20.695796
89.260995 39.251492 20.940606
89.623982 39.265932 10.509935
89.408114 39.142141 17.499880
89.305519 38.936888 23.494210
89.800735 39.135412 7.713128
90.050189 39.218769 2.959815
89.614336 38.951860 16.353209
89.649459 39.285509 9.758007
90.019926 39.100668 6.827911
89.494633 39.125659 15.370616
89.725292 39.205167 8.121427
89.621776 39.031195 14.110733
89.586976 39.044739 14.563661
89.359426 38.944951 22.039856
89.212731 39.094461 23.389820
89.432117 39.009364 18.971798
89.795029 39.186633 6.637350
89.483778 39.063560 16.661671
89.400947 38.914837 21.754836
89.633576 39.094975 12.383808
89.527181 39.284911 13.265837
90.061478 39.078515 7.869117
89.781938 38.983382 12.620479
90.205805 39.227504 6.542165
90.231526 39.033161 11.591481
89.965409 39.202995 3.059032
89.922703 38.934235 13.083031
89.288127 39.053922 21.877694
90.093960 38.957472 12.446919
89.728040 39.199286 8.129140
89.332590 38.997306 21.659664
89.724612 39.033984 11.976556
89.488540 39.099072 15.932145
89.987624 39.057909 8.357103
89.948282 38.922526 13.427513
89.306624 39.269530 19.602080
89.425898 39.152494 16.897980
# 89.753638 38.930019 38
89.269107 39.257503 18.482711
89.260995 39.251492 18.515632
89.623982 39.265932 12.997198
89.408114 39.142141 12.679587
89.305519 38.936888 12.922643
89.800735 39.135412 7.732699
90.050189 39.218769 13.687868
89.614336 38.951860 4.096694
89.649459 39.285509 13.512622
90.019926 39.100668 9.940657
89.494633 39.125659 10.401901
89.725292 39.205167 10.230928
89.621776 39.031195 5.338350
89.586976 39.044739 6.413656
89.359426 38.944951 11.378720
89.212731 39.094461 16.727958
89.432117 39.009364 9.720890
89.795029 39.186633 9.585709
89.483778 39.063560 9.215685
89.400947 38.914837 10.185893
89.633576 39.094975 7.024124
89.527181 39.284911 14.678216
90.061478 39.078515 10.436155
89.781938 38.983382 2.139499
90.205805 39.227504 17.054046
90.231526 39.033161 14.289946
89.965409 39.202995 11.811494
89.922703 38.934235 4.877063
89.288127 39.053922 14.175061
90.093960 38.957472 9.863357
89.728040 39.199286 10.007524
89.332590 38.997306 12.388101
89.724612 39.033984 3.943164
89.488540 39.099072 9.876659
89.987624 39.057909 8.240420
89.948282 38.922526 5.619396
89.306624 39.269530 17.991184
89.425898 39.152494 12.530608
# 89.269107 39.257503 37
89.260995 39.251492 0.322245
89.623982 39.265932 10.189005
89.408114 39.142141 5.850225
89.305519 38.936888 11.929657
89.800735 39.135412 15.927224
90.050189 39.218769 22.468908
89.614336 38.951860 15.064300
89.649459 39.285509 10.963060
90.019926 39.100668 22.341833
89.494633 39.125659 8.114985
89.725292 39.205167 13.240136
89.621776 39.031195 13.158072
89.586976 39.044739 12.069267
89.359426 38.944951 11.872426
89.212731 39.094461 6.256482
89.432117 39.009364 10.322470
89.795029 39.186633 15.328172
89.483778 39.063560 9.472957
89.400947 38.914837 13.255176
89.633576 39.094975 12.081298
89.527181 39.284911 7.474571
90.061478 39.078515 23.716540
89.781938 38.983382 17.908063
90.205805 39.227504 26.911622
90.231526 39.033161 28.887773
89.965409 39.202995 20.093244
89.922703 38.934235 22.294546
89.288127 39.053922 7.565473
90.093960 38.957472 26.200627
89.728040 39.199286 13.352224
89.332590 38.997306 9.815400
89.724612 39.033984 15.494527
89.488540 39.099072 8.615863
89.987624 39.057909 21.935658
89.948282 38.922526 23.149675
89.306624 39.269530 1.165281
89.425898 39.152494 5.952120
# 89.260995 39.251492 36
89.623982 39.265932 10.431202
89.408114 39.142141 5.855430
89.305519 38.936888 11.730930
89.800735 39.135412 16.090412
90.050189 39.218769 22.689284
89.614336 38.951860 15.054297
89.649459 39.285509 11.218131
90.019926 39.100668 22.511506
89.494633 39.125659 8.173301
89.725292 39.205167 13.440860
89.621776 39.031195 13.199949
89.586976 39.044739 12.104776
89.359426 38.944951 11.709388
89.212731 39.094461 5.983301
89.432117 39.009364 10.234624
89.795029 39.186633 15.522297
89.483778 39.063560 9.461401
89.400947 38.914837 13.111691
89.633576 39.094975 12.176585
89.527181 39.284911 7.738094
90.061478 39.078515 23.880604
89.781938 38.983382 17.977062
90.205805 39.227504 27.137236
90.231526 39.033161 29.049461
89.965409 39.202995 20.304910
89.922703 38.934235 22.374483
89.288127 39.053922 7.364317
90.093960 38.957472 26.319970
89.728040 39.199286 13.549086
89.332590 38.997306 9.643691
89.724612 39.033984 15.576091
89.488540 39.099072 8.640788
89.987624 39.057909 22.082736
89.948282 38.922526 23.229984
89.306624 39.269530 1.470293
89.425898 39.152494 5.991473
# 89.623982 39.265932 35
89.408114 39.142141 7.713205
89.305519 38.936888 15.252883
89.800735 39.135412 7.012712
90.050189 39.218769 12.358927
89.614336 38.951860 11.644369
89.649459 39.285509 1.029973
90.019926 39.100668 12.919899
89.494633 39.125659 6.390389
89.725292 39.205167 3.678568
89.621776 39.031195 8.700748
89.586976 39.044739 8.267215
89.359426 38.944951 14.122351
89.212731 39.094461 13.416655
89.432117 39.009364 10.993592
89.795029 39.186633 5.723511
89.483778 39.063560 8.514549
89.400947 38.914837 14.509146
89.633576 39.094975 6.342507
89.527181 39.284911 2.865156
90.061478 39.078515 14.362867
89.781938 38.983382 11.415161
90.205805 39.227504 16.761347
90.231526 39.033161 19.478105
89.965409 39.202995 10.075841
89.922703 38.934235 14.999317
89.288127 39.053922 12.446619
90.093960 38.957472 17.703182
89.728040 39.199286 3.876491
89.332590 38.997306 13.012418
89.724612 39.033984 9.070692
89.488540 39.099072 7.307020
89.987624 39.057909 12.987132
89.948282 38.922526 15.780964
89.306624 39.269530 9.107745
89.425898 39.152494 7.074031
# 89.408114 39.142141 34
89.305519 38.936888 8.160948
89.800735 39.135412 11.289912
90.050189 39.218769 18.664952
89.614336 38.951860 9.218481
89.649459 39.285509 8.733510
90.019926 39.100668 17.659897
89.494633 39.125659 2.561358
89.725292 39.205167 9.408417
89.621776 39.031195 7.395621
89.586976 39.044739 6.285502
89.359426 38.944951 7.442017
89.212731 39.094461 5.889964
89.432117 39.009364 4.969596
89.795029 39.186633 11.240695
89.483778 39.063560 3.635873
89.400947 38.914837 8.427557
89.633576 39.094975 6.715052
89.527181 39.284911 6.300360
90.061478 39.078515 18.938054
89.781938 38.983382 12.262484
90.205805 39.227504 23.134554
90.231526 39.033161 24.030700
89.965409 39.202995 16.171631
89.922703 38.934235 16.698964
89.288127 39.053922 4.754387
90.093960 38.957472 20.894652
89.728040 39.199286 9.433982
89.332590 38.997306 5.791560
89.724612 39.033984 9.948745
89.488540 39.099072 2.810138
89.987624 39.057909 16.958921
89.948282 38.922526 17.553740
89.306624 39.269530 5.548933
89.425898 39.152494 0.639185
# 89.305519 38.936888 33
89.800735 39.135412 16.044160
90.050189 39.218769 23.837996
89.614336 38.951860 8.919719
89.649459 39.285509 16.273007
90.019926 39.100668 21.449831
89.494633 39.125659 8.865861
89.725292 39.205167 15.645718
89.621776 39.031195 9.759271
89.586976 39.044739 9.040254
89.359426 38.944951 1.582556
89.212731 39.094461 6.422711
89.432117 39.009364 4.530393
89.795029 39.186633 16.856972
89.483778 39.063560 6.957692
89.400947 38.914837 2.870494
89.633576 39.094975 11.117065
89.527181 39.284911 14.388743
90.061478 39.078515 22.396742
89.781938 38.983382 13.838624
90.205805 39.227504 28.052782
90.231526 39.033161 26.916634
89.965409 39.202995 21.397955
89.922703 38.934235 17.794324
89.288127 39.053922 4.366728
90.093960 38.957472 22.740638
89.728040 39.199286 15.570160
89.332590 38.997306 2.371399
89.724612 39.033984 12.599320
89.488540 39.099072 7.994688
89.987624 39.057909 20.154154
89.948282 38.922526 18.540693
89.306624 39.269530 12.329421
89.425898 39.152494 8.710430
# 89.800735 39.135412 32
90.050189 39.218769 7.805049
89.614336 38.951860 8.664739
89.649459 39.285509 7.058724
90.019926 39.100668 6.433453
89.494633 39.125659 8.808343
89.725292 39.205167 3.374076
89.621776 39.031195 6.436713
89.586976 39.044739 7.007876
89.359426 38.944951 14.534169
89.212731 39.094461 16.977790
89.432117 39.009364 11.590425
89.795029 39.186633 1.905588
89.483778 39.063560 9.498043
89.400947 38.914837 14.119487
89.633576 39.094975 5.035367
89.527181 39.284911 9.613777
90.061478 39.078515 7.790194
89.781938 38.983382 5.660877
90.205805 39.227504 12.128263
90.231526 39.033161 12.960589
89.965409 39.202995 5.354191
89.922703 38.934235 8.242069
89.288127 39.053922 15.051973
90.093960 38.957472 10.711911
89.728040 39.199286 3.157363
89.332590 38.997306 14.411890
89.724612 39.033984 4.350826
89.488540 39.099072 9.078294
89.987624 39.057909 6.095340
89.948282 38.922526 8.961571
89.306624 39.269530 15.037390
89.425898 39.152494 10.793708
# 90.050189 39.218769 31
89.614336 38.951860 15.972151
89.649459 39.285509 11.764759
90.019926 39.100668 4.462964
89.494633 39.125659 16.332459
89.725292 39.205167 9.344140
89.621776 39.031195 14.145055
89.586976 39.044739 14.797766
89.359426 38.944951 22.315638
89.212731 39.094461 24.506340
89.432117 39.009364 19.395426
89.795029 39.186633 7.424936
89.483778 39.063560 17.269141
89.400947 38.914837 21.816997
89.633576 39.094975 12.822880
89.527181 39.284911 15.210267
90.061478 39.078515 5.208631
89.781938 38.983382 11.647041
90.205805 39.227504 4.480041
90.231526 39.033161 8.632181
89.965409 39.202995 2.504000
89.922703 38.934235 11.165972
89.288127 39.053922 22.744732
90.093960 38.957472 9.766484
89.728040 39.199286 9.280136
89.332590 38.997306 22.211147
89.724612 39.033984 11.599393
89.488540 39.099072 16.740417
89.987624 39.057909 6.227665
89.948282 38.922526 11.365070
89.306624 39.269530 21.426909
89.425898 39.152494 18.102776
# 89.614336 38.951860 30
89.649459 39.285509 12.407860
90.019926 39.100668 12.915557
89.494633 39.125659 7.305716
89.725292 39.205167 9.916740
89.621776 39.031195 2.948348
89.586976 39.044739 3.531615
89.359426 38.944951 7.352482
89.212731 39.094461 12.715018
89.432117 39.009364 5.666393
89.795029 39.186633 10.137016
89.483778 39.063560 5.592924
89.400947 38.914837 6.303619
89.633576 39.094975 5.333401
89.527181 39.284911 12.596368
90.061478 39.078515 13.706092
89.781938 38.983382 4.969248
90.205805 39.227504 19.847131
90.231526 39.033161 18.033478
89.965409 39.202995 13.736263
89.922703 38.934235 8.913565
89.288127 39.053922 10.128979
90.093960 38.957472 13.825905
89.728040 39.199286 9.736943
89.332590 38.997306 8.291494
89.724612 39.033984 4.399700
89.488540 39.099072 6.549275
89.987624 39.057909 11.447738
89.948282 38.922526 9.688981
89.306624 39.269530 14.729359
89.425898 39.152494 9.204373
# 89.649459 39.285509 29
90.019926 39.100668 12.656692
89.494633 39.125659 7.407903
89.725292 39.205167 3.688648
89.621776 39.031195 9.459654
89.586976 39.044739 9.102981
89.359426 38.944951 15.129491
89.212731 39.094461 14.406455
89.432117 39.009364 11.991318
89.795029 39.186633 5.558410
89.483778 39.063560 9.504686
89.400947 38.914837 15.487257
89.633576 39.094975 7.076861
89.527181 39.284911 3.508012
90.061478 39.078515 14.106418
89.781938 38.983382 11.828324
90.205805 39.227504 16.111313
90.231526 39.033161 19.165759
89.965409 39.202995 9.571207
89.922703 38.934235 15.207727
89.288127 39.053922 13.471798
90.093960 38.957472 17.641051
89.728040 39.199286 3.911773
89.332590 38.997306 14.038712
89.724612 39.033984 9.569708
89.488540 39.099072 8.313888
89.987624 39.057909 12.868120
89.948282 38.922526 15.964970
89.306624 39.269530 9.854261
89.425898 39.152494 8.094370
# 90.019926 39.100668 28
89.494633 39.125659 15.135138
89.725292 39.205167 9.312258
89.621776 39.031195 11.743763
89.586976 39.044739 12.629537
89.359426 38.944951 19.875904
89.212731 39.094461 23.220151
89.432117 39.009364 17.253736
89.795029 39.186633 7.207527
89.483778 39.063560 15.486927
89.400947 38.914837 19.111941
89.633576 39.094975 11.115380
89.527181 39.284911 15.715904
90.061478 39.078515 1.450222
89.781938 38.983382 8.113975
90.205805 39.227504 7.115858
90.231526 39.033161 6.583364
89.965409 39.202995 4.103697
89.922703 38.934235 6.774474
89.288127 39.053922 21.127474
90.093960 38.957472 5.719636
89.728040 39.199286 9.151578
89.332590 38.997306 20.152402
89.724612 39.033984 8.850530
89.488540 39.099072 15.285006
89.987624 39.057909 1.837294
89.948282 38.922526 6.917722
89.306624 39.269530 21.427139
89.425898 39.152494 17.187924
# 89.494633 39.125659 27
89.725292 39.205167 7.254099
89.621776 39.031195 5.063805
89.586976 39.044739 4.006751
89.359426 38.944951 7.746961
89.212731 39.094461 8.189568
89.432117 39.009364 4.670849
89.795029 39.186633 8.924612
89.483778 39.063560 2.322785
89.400947 38.914837 8.266741
89.633576 39.094975 4.154677
89.527181 39.284911 5.976222
90.061478 39.078515 16.397664
89.781938 38.983382 9.807780
90.205805 39.227504 20.779699
90.231526 39.033161 21.477615
89.965409 39.202995 13.829409
89.922703 38.934235 14.221548
89.288127 39.053922 6.508723
90.093960 38.957472 18.345006
89.728040 39.199286 7.241661
89.332590 38.997306 6.661982
89.724612 39.033984 7.438491
89.488540 39.099072 1.000924
89.987624 39.057909 14.402703
89.948282 38.922526 15.077292
89.306624 39.269530 7.589509
89.425898 39.152494 2.212222
# 89.725292 39.205167 26
89.621776 39.031195 7.102197
89.586976 39.044739 7.153695
89.359426 38.944951 14.277684
89.212731 39.094461 15.293670
89.432117 39.009364 11.125178
89.795029 39.186633 2.117700
89.483778 39.063560 8.704079
89.400947 38.914837 14.245643
89.633576 39.094975 4.861172
89.527181 39.284911 6.408993
90.061478 39.078515 10.744147
89.781938 38.983382 8.380393
90.205805 39.227504 13.823513
90.231526 39.033161 15.892240
89.965409 39.202995 6.897026
89.922703 38.934235 11.537519
89.288127 39.053922 13.762822
90.093960 38.957472 14.028543
89.728040 39.199286 0.231834
89.332590 38.997306 13.672811
89.724612 39.033984 6.344928
89.488540 39.099072 7.859449
89.987624 39.057909 9.310132
89.948282 38.922526 12.285387
89.306624 39.269530 12.253570
89.425898 39.152494 8.820932
# 89.621776 39.031195 25
89.586976 39.044739 1.120594
89.359426 38.944951 8.206422
89.212731 39.094461 12.003297
89.432117 39.009364 5.521165
89.795029 39.186633 7.617160
89.483778 39.063560 4.149530
89.400947 38.914837 7.687188
89.633576 39.094975 2.388268
89.527181 39.284911 9.789068
90.061478 39.078515 12.776686
89.781938 38.983382 4.941671
90.205805 39.227504 18.300699
90.231526 39.033161 17.555913
89.965409 39.202995 11.755859
89.922703 38.934235 9.385578
89.288127 39.053922 9.641811
90.093960 38.957472 13.874041
89.728040 39.199286 6.939382
89.332590 38.997306 8.422486
89.724612 39.033984 2.962617
89.488540 39.099072 4.586013
89.987624 39.057909 10.578019
89.948282 38.922526 10.233975
89.306624 39.269530 12.652857
89.425898 39.152494 7.208725
# 89.586976 39.044739 24
89.359426 38.944951 7.526518
89.212731 39.094461 10.926029
89.432117 39.009364 4.647789
89.795029 39.186633 7.966034
89.483778 39.063560 3.051155
89.400947 38.914837 7.205064
89.633576 39.094975 2.294607
89.527181 39.284911 9.066296
90.061478 39.078515 13.713302
89.781938 38.983382 6.057810
90.205805 39.227504 19.036948
90.231526 39.033161 18.560881
89.965409 39.202995 12.361876
89.922703 38.934235 10.503476
89.288127 39.053922 8.609056
90.093960 38.957472 14.957290
89.728040 39.199286 7.019021
89.332590 38.997306 7.533418
89.724612 39.033984 3.982372
89.488540 39.099072 3.475493
89.987624 39.057909 11.542562
89.948282 38.922526 11.352631
89.306624 39.269530 11.590674
89.425898 39.152494 6.117161
# 89.359426 38.944951 23
89.212731 39.094461 6.968078
89.432117 39.009364 3.176009
89.795029 39.186633 15.407469
89.483778 39.063560 5.670607
89.400947 38.914837 1.636821
89.633576 39.094975 9.656381
89.527181 39.284911 13.492550
90.061478 39.078515 20.816351
89.781938 38.983382 12.259593
90.205805 39.227504 26.506611
90.231526 39.033161 25.336372
89.965409 39.202995 19.887796
89.922703 38.934235 16.243799
89.288127 39.053922 4.531185
90.093960 38.957472 21.177790
89.728040 39.199286 14.190684
89.332590 38.997306 2.088938
89.724612 39.033984 11.026108
89.488540 39.099072 6.815830
89.987624 39.057909 18.572831
89.948282 38.922526 16.998105
89.306624 39.269530 12.125972
89.425898 39.152494 7.926962
# 89.212731 39.094461 22
89.432117 39.009364 7.058633
89.795029 39.186633 17.084682
89.483778 39.063560 7.882413
89.400947 38.914837 8.585746
89.633576 39.094975 12.106154
89.527181 39.284911 11.464359
90.061478 39.078515 24.425220
89.781938 38.983382 16.896174
90.205805 39.227504 28.962924
90.231526 39.033161 29.407545
89.965409 39.202995 22.005921
89.922703 38.934235 21.291445
89.288127 39.053922 2.639005
90.093960 38.957472 25.877305
89.728040 39.199286 15.313624
89.332590 38.997306 4.987179
89.724612 39.033984 14.900832
89.488540 39.099072 7.935602
89.987624 39.057909 22.337722
89.948282 38.922526 22.122595
89.306624 39.269530 7.027334
89.425898 39.152494 6.495986
# 89.432117 39.009364 21
89.795029 39.186633 12.334760
89.483778 39.063560 2.499471
89.400947 38.914837 3.616985
89.633576 39.094975 6.610160
89.527181 39.284911 10.572381
90.061478 39.078515 18.297783
89.781938 38.983382 10.122981
90.205805 39.227504 23.672156
90.231526 39.033161 23.036797
89.965409 39.202995 16.934342
89.922703 38.934235 14.408533
89.288127 39.053922 4.462613
90.093960 38.957472 19.165511
89.728040 39.199286 11.045285
89.332590 38.997306 2.901355
89.724612 39.033984 8.471997
89.488540 39.099072 3.700422
89.987624 39.057909 16.094596
89.948282 38.922526 15.219444
89.306624 39.269530 10.295788
89.425898 39.152494 5.308121
# 89.795029 39.186633 20
89.483778 39.063560 10.045159
89.400947 38.914837 15.170959
89.633576 39.094975 5.751853
89.527181 39.284911 8.508696
90.061478 39.078515 8.645501
89.781938 38.983382 7.542896
90.205805 39.227504 11.894521
90.231526 39.033161 13.782355
89.965409 39.202995 4.931684
89.922703 38.934235 10.050869
89.288127 39.053922 15.383964
90.093960 38.957472 12.088761
89.728040 39.199286 1.980647
89.332590 38.997306 15.040523
89.724612 39.033984 6.009461
89.488540 39.099072 9.389262
89.987624 39.057909 7.309890
89.948282 38.922526 10.737029
89.306624 39.269530 14.355617
89.425898 39.152494 10.682440
# 89.483778 39.063560 19
89.400947 38.914837 6.006775
89.633576 39.094975 4.464580
89.527181 39.284911 8.298603
90.061478 39.078515 16.633070
89.781938 38.983382 9.085376
90.205805 39.227504 21.626237
90.231526 39.033161 21.553475
89.965409 39.202995 14.780146
89.922703 38.934235 13.521505
89.288127 39.053922 5.642358
90.093960 38.957472 18.008118
89.728040 39.199286 8.638740
89.332590 38.997306 4.997994
89.724612 39.033984 7.018544
89.488540 39.099072 1.323347
89.987624 39.057909 14.502261
89.948282 38.922526 14.366076
89.306624 39.269530 9.175987
89.425898 39.152494 3.692828
# 89.400947 38.914837 18
89.633576 39.094975 9.459117
89.527181 39.284911 14.189238
90.061478 39.078515 19.971107
89.781938 38.983382 11.272313
90.205805 39.227504 25.898001
90.231526 39.033161 24.331936
89.965409 39.202995 19.442107
89.922703 38.934235 15.062272
89.288127 39.053922 6.094414
90.093960 38.957472 20.042508
89.728040 39.199286 14.134520
89.332590 38.997306 3.636674
89.724612 39.033984 10.319205
89.488540 39.099072 7.279797
89.987624 39.057909 17.714736
89.948282 38.922526 15.786561
89.306624 39.269530 13.423789
89.425898 39.152494 8.838005
# 89.633576 39.094975 17
89.527181 39.284911 7.674825
90.061478 39.078515 12.325647
89.781938 38.983382 5.945672
90.205805 39.227504 17.163291
90.231526 39.033161 17.360101
89.965409 39.202995 10.344482
89.922703 38.934235 10.238491
89.288127 39.053922 10.055930
90.093960 38.957472 14.202340
89.728040 39.199286 4.724537
89.332590 38.997306 9.390083
89.724612 39.033984 3.460395
89.488540 39.099072 4.174781
89.987624 39.057909 10.279515
89.948282 38.922526 11.090992
89.306624 39.269530 11.405994
89.425898 39.152494 6.340816
# 89.527181 39.284911 16
90.061478 39.078515 17.151322
89.781938 38.983382 13.362313
90.205805 39.227504 19.592544
90.231526 39.033161 22.289910
89.965409 39.202995 12.940681
89.922703 38.934235 17.272463
89.288127 39.053922 10.976771
90.093960 38.957472 20.320360
89.728040 39.199286 6.581602
89.332590 38.997306 12.038675
89.724612 39.033984 10.894811
89.488540 39.099072 6.976989
89.987624 39.057909 15.679480
89.948282 38.922526 18.086191
89.306624 39.269530 6.353779
89.425898 39.152494 5.705052
# 90.061478 39.078515 15
89.781938 38.983382 8.787105
90.205805 39.227504 6.906817
90.231526 39.033161 5.174985
89.965409 39.202995 5.377256
89.922703 38.934235 6.676405
89.288127 39.053922 22.274029
90.093960 38.957472 4.582927
89.728040 39.199286 10.579443
89.332590 38.997306 21.199010
89.724612 39.033984 9.835153
89.488540 39.099072 16.500272
89.987624 39.057909 2.258363
89.948282 38.922526 6.637737
89.306624 39.269530 22.816085
89.425898 39.152494 18.482388
# 89.781938 38.983382 14
90.205805 39.227504 15.182170
90.231526 39.033161 13.079603
89.965409 39.202995 9.701282
89.922703 38.934235 4.447266
89.288127 39.053922 14.458764
90.093960 38.957472 9.042664
89.728040 39.199286 8.151287
89.332590 38.997306 12.955454
89.724612 39.033984 2.498736
89.488540 39.099072 9.472505
89.987624 39.057909 6.535515
89.948282 38.922526 5.298774
89.306624 39.269530 17.299411
89.425898 39.152494 12.011087
# 90.205805 39.227504 13
90.231526 39.033161 7.241168
89.965409 39.202995 6.962977
89.922703 38.934235 13.583221
89.288127 39.053922 27.154047
90.093960 38.957472 10.513169
89.728040 39.199286 13.760164
89.332590 38.997306 26.522603
89.724612 39.033984 15.583887
89.488540 39.099072 21.155458
89.987624 39.057909 8.879859
89.948282 38.922526 13.516243
89.306624 39.269530 25.856445
89.425898 39.152494 22.576465
# 90.231526 39.033161 12
89.965409 39.202995 9.909016
89.922703 38.934235 9.623567
89.288127 39.053922 27.168563
90.093960 38.957472 4.855351
89.728040 39.199286 15.733860
89.332590 38.997306 25.922167
89.724612 39.033984 14.594689
89.488540 39.099072 21.520677
89.987624 39.057909 7.080701
89.948282 38.922526 9.133650
89.306624 39.269530 27.990850
89.425898 39.152494 23.593767
# 89.965409 39.202995 11
89.922703 38.934235 10.037090
89.288127 39.053922 20.242224
90.093960 38.957472 9.823232
89.728040 39.199286 6.819298
89.332590 38.997306 19.734501
89.724612 39.033984 9.337631
89.488540 39.099072 14.237736
89.987624 39.057909 5.415415
89.948282 38.922526 10.407247
89.306624 39.269530 19.072761
89.425898 39.152494 15.614028
# 89.922703 38.934235 10
89.288127 39.053922 18.810951
90.093960 38.957472 5.011390
89.728040 39.199286 11.309034
89.332590 38.997306 17.166242
89.724612 39.033984 6.800139
89.488540 39.099072 13.915969
89.987624 39.057909 4.950771
89.948282 38.922526 0.855764
89.306624 39.269530 21.643915
89.425898 39.152494 16.431054
# 89.288127 39.053922 9
90.093960 38.957472 23.483695
89.728040 39.199286 13.748627
89.332590 38.997306 2.458211
89.724612 39.033984 12.586797
89.488540 39.099072 6.004536
89.987624 39.057909 20.133514
89.948282 38.922526 19.632465
89.306624 39.269530 8.009151
89.425898 39.152494 5.389933
# 90.093960 38.957472 8
89.728040 39.199286 13.826900
89.332590 38.997306 21.987758
89.724612 39.033984 11.011129
89.488540 39.099072 18.205008
89.987624 39.057909 4.820613
89.948282 38.922526 4.395007
89.306624 39.269530 25.425714
89.425898 39.152494 20.542238
# 89.728040 39.199286 7
89.332590 38.997306 13.617533
89.724612 39.033984 6.127708
89.488540 39.099072 7.822358
89.987624 39.057909 9.119516
89.948282 38.922526 12.058424
89.306624 39.269530 12.375477
89.425898 39.152494 8.853032
# 89.332590 38.997306 6
89.724612 39.033984 11.371203
89.488540 39.099072 5.863382
89.987624 39.057909 18.994079
89.948282 38.922526 17.960103
89.306624 39.269530 10.117556
89.425898 39.152494 6.347804
# 89.724612 39.033984 5
89.488540 39.099072 7.209270
89.987624 39.057909 7.622876
89.948282 38.922526 7.655161
89.306624 39.269530 14.851345
89.425898 39.152494 9.650677
# 89.488540 39.099072 4
89.987624 39.057909 14.440924
89.948282 38.922526 14.769477
89.306624 39.269530 8.199532
89.425898 39.152494 2.676753
# 89.987624 39.057909 3
89.948282 38.922526 5.144363
89.306624 39.269530 21.083923
89.425898 39.152494 16.532344
# 89.948282 38.922526 2
89.306624 39.269530 22.496827
89.425898 39.152494 17.286735
# 89.306624 39.269530 1
89.425898 39.152494 5.527290