51 51
-5.000000 5.000000
-5.000000 5.000000
3.72008e-44
1.87493e-42
8.05255e-41
2.94709e-39
9.19108e-38
2.4426e-36
5.53161e-35
1.06749e-33
1.75545e-32
2.45994e-31
2.93748e-30
2.98909e-29
2.59188e-28
1.91515e-27
1.20588e-26
6.47023e-26
2.95834e-25
1.15263e-24
3.82685e-24
1.0827e-23
2.61028e-23
5.36264e-23
9.38823e-23
1.40056e-22
1.78046e-22
1.92875e-22
1.78046e-22
1.40056e-22
9.38823e-23
5.36264e-23
2.61028e-23
1.0827e-23
3.82685e-24
1.15263e-24
2.95834e-25
6.47023e-26
1.20588e-26
1.91515e-27
2.59188e-28
2.98909e-29
2.93748e-30
2.45994e-31
1.75545e-32
1.06749e-33
5.53161e-35
2.4426e-36
9.19108e-38
2.94709e-39
8.05255e-41
1.87493e-42
3.72008e-44
1.87493e-42
9.44975e-41
4.05852e-39
1.48535e-37
4.63235e-36
1.23108e-34
2.78795e-33
5.38019e-32
8.84753e-31
1.23982e-29
1.4805e-28
1.50651e-27
1.30632e-26
9.65246e-26
6.07771e-25
3.26103e-24
1.49102e-23
5.80928e-23
1.92875e-22
5.45685e-22
1.31559e-21
2.7028e-21
4.73171e-21
7.05888e-21
8.9736e-21
9.72099e-21
8.9736e-21
7.05888e-21
4.73171e-21
2.7028e-21
1.31559e-21
5.45685e-22
1.92875e-22
5.80928e-23
1.49102e-23
3.26103e-24
6.07771e-25
9.65246e-26
1.30632e-26
1.50651e-27
1.4805e-28
1.23982e-29
8.84753e-31
5.38019e-32
2.78795e-33
1.23108e-34
4.63235e-36
1.48535e-37
4.05852e-39
9.44975e-41
1.87493e-42
8.05255e-41
4.05852e-39
1.74307e-37
6.37933e-36
1.98952e-34
5.2873e-33
1.19738e-31
2.31071e-30
3.79987e-29
5.32484e-28
6.35853e-27
6.47023e-26
5.61043e-25
4.14558e-24
2.61028e-23
1.40056e-22
6.40368e-22
2.495e-21
8.28368e-21
2.34363e-20
5.65026e-20
1.16081e-19
2.0322e-19
3.03168e-19
3.85402e-19
4.17501e-19
3.85402e-19
3.03168e-19
2.0322e-19
1.16081e-19
5.65026e-20
2.34363e-20
8.28368e-21
2.495e-21
6.40368e-22
1.40056e-22
2.61028e-23
4.14558e-24
5.61043e-25
6.47023e-26
6.35853e-27
5.32484e-28
3.79987e-29
2.31071e-30
1.19738e-31
5.2873e-33
1.98952e-34
6.37933e-36
1.74307e-37
4.05852e-39
8.05255e-41
2.94709e-39
1.48535e-37
6.37933e-36
2.33472e-34
7.28129e-33
1.93506e-31
4.38221e-30
8.45677e-29
1.39069e-27
1.9488e-26
2.32711e-25
2.36799e-24
2.05332e-23
1.51721e-22
9.55316e-22
5.1258e-21
2.34363e-20
9.13124e-20
3.03168e-19
8.57728e-19
2.0679e-18
4.24835e-18
7.43748e-18
1.10954e-17
1.4105e-17
1.52798e-17
1.4105e-17
1.10954e-17
7.43748e-18
4.24835e-18
2.0679e-18
8.57728e-19
3.03168e-19
9.13124e-20
2.34363e-20
5.1258e-21
9.55316e-22
1.51721e-22
2.05332e-23
2.36799e-24
2.32711e-25
1.9488e-26
1.39069e-27
8.45677e-29
4.38221e-30
1.93506e-31
7.28129e-33
2.33472e-34
6.37933e-36
1.48535e-37
2.94709e-39
9.19108e-38
4.63235e-36
1.98952e-34
7.28129e-33
2.27081e-31
6.03486e-30
1.36668e-28
2.63741e-27
4.33713e-26
6.07771e-25
7.25755e-24
7.38505e-23
6.40368e-22
4.73171e-21
2.97934e-20
1.59858e-19
7.30908e-19
2.84776e-18
9.45489e-18
2.67499e-17
6.44914e-17
1.32493e-16
2.31952e-16
3.46032e-16
4.39893e-16
4.7653e-16
4.39893e-16
3.46032e-16
2.31952e-16
1.32493e-16
6.44914e-17
2.67499e-17
9.45489e-18
2.84776e-18
7.30908e-19
1.59858e-19
2.97934e-20
4.73171e-21
6.40368e-22
7.38505e-23
7.25755e-24
6.07771e-25
4.33713e-26
2.63741e-27
1.36668e-28
6.03486e-30
2.27081e-31
7.28129e-33
1.98952e-34
4.63235e-36
9.19108e-38
2.4426e-36
1.23108e-34
5.2873e-33
1.93506e-31
6.03486e-30
1.60381e-28
3.63205e-27
7.00912e-26
1.15263e-24
1.6152e-23
1.92875e-22
1.96263e-21
1.70183e-20
1.25749e-19
7.91783e-19
4.24835e-18
1.94244e-17
7.56813e-17
2.51271e-16
7.109e-16
1.71391e-15
3.52111e-15
6.16431e-15
9.19607e-15
1.16905e-14
1.26642e-14
1.16905e-14
9.19607e-15
6.16431e-15
3.52111e-15
1.71391e-15
7.109e-16
2.51271e-16
7.56813e-17
1.94244e-17
4.24835e-18
7.91783e-19
1.25749e-19
1.70183e-20
1.96263e-21
1.92875e-22
1.6152e-23
1.15263e-24
7.00912e-26
3.63205e-27
1.60381e-28
6.03486e-30
1.93506e-31
5.2873e-33
1.23108e-34
2.4426e-36
5.53161e-35
2.78795e-33
1.19738e-31
4.38221e-30
1.36668e-28
3.63205e-27
8.22528e-26
1.58731e-24
2.61028e-23
3.65784e-22
4.36792e-21
4.44465e-20
3.85402e-19
2.84776e-18
1.7931e-17
9.62098e-17
4.39893e-16
1.71391e-15
5.69038e-15
1.60993e-14
3.88138e-14
7.97404e-14
1.39599e-13
2.08258e-13
2.64747e-13
2.86798e-13
2.64747e-13
2.08258e-13
1.39599e-13
7.97404e-14
3.88138e-14
1.60993e-14
5.69038e-15
1.71391e-15
4.39893e-16
9.62098e-17
1.7931e-17
2.84776e-18
3.85402e-19
4.44465e-20
4.36792e-21
3.65784e-22
2.61028e-23
1.58731e-24
8.22528e-26
3.63205e-27
1.36668e-28
4.38221e-30
1.19738e-31
2.78795e-33
5.53161e-35
1.06749e-33
5.38019e-32
2.31071e-30
8.45677e-29
2.63741e-27
7.00912e-26
1.58731e-24
3.06319e-23
5.03731e-22
7.05888e-21
8.4292e-20
8.57728e-19
7.43748e-18
5.49559e-17
3.46032e-16
1.85665e-15
8.48904e-15
3.3075e-14
1.09813e-13
3.10684e-13
7.49028e-13
1.53883e-12
2.69398e-12
4.01895e-12
5.10909e-12
5.53461e-12
5.10909e-12
4.01895e-12
2.69398e-12
1.53883e-12
7.49028e-13
3.10684e-13
1.09813e-13
3.3075e-14
8.48904e-15
1.85665e-15
3.46032e-16
5.49559e-17
7.43748e-18
8.57728e-19
8.4292e-20
7.05888e-21
5.03731e-22
3.06319e-23
1.58731e-24
7.00912e-26
2.63741e-27
8.45677e-29
2.31071e-30
5.38019e-32
1.06749e-33
1.75545e-32
8.84753e-31
3.79987e-29
1.39069e-27
4.33713e-26
1.15263e-24
2.61028e-23
5.03731e-22
8.28368e-21
1.16081e-19
1.38615e-18
1.4105e-17
1.22307e-16
9.03731e-16
5.69038e-15
3.0532e-14
1.39599e-13
5.43906e-13
1.80583e-12
5.10909e-12
1.23175e-11
2.53055e-11
4.43016e-11
6.60902e-11
8.40172e-11
9.10147e-11
8.40172e-11
6.60902e-11
4.43016e-11
2.53055e-11
1.23175e-11
5.10909e-12
1.80583e-12
5.43906e-13
1.39599e-13
3.0532e-14
5.69038e-15
9.03731e-16
1.22307e-16
1.4105e-17
1.38615e-18
1.16081e-19
8.28368e-21
5.03731e-22
2.61028e-23
1.15263e-24
4.33713e-26
1.39069e-27
3.79987e-29
8.84753e-31
1.75545e-32
2.45994e-31
1.23982e-29
5.32484e-28
1.9488e-26
6.07771e-25
1.6152e-23
3.65784e-22
7.05888e-21
1.16081e-19
1.62666e-18
1.94244e-17
1.97657e-16
1.71391e-15
1.26642e-14
7.97404e-14
4.27852e-13
1.95623e-12
7.62187e-12
2.53055e-11
7.15947e-11
1.72608e-10
3.54611e-10
6.20808e-10
9.26136e-10
1.17735e-09
1.27541e-09
1.17735e-09
9.26136e-10
6.20808e-10
3.54611e-10
1.72608e-10
7.15947e-11
2.53055e-11
7.62187e-12
1.95623e-12
4.27852e-13
7.97404e-14
1.26642e-14
1.71391e-15
1.97657e-16
1.94244e-17
1.62666e-18
1.16081e-19
7.05888e-21
3.65784e-22
1.6152e-23
6.07771e-25
1.9488e-26
5.32484e-28
1.23982e-29
2.45994e-31
2.93748e-30
1.4805e-28
6.35853e-27
2.32711e-25
7.25755e-24
1.92875e-22
4.36792e-21
8.4292e-20
1.38615e-18
1.94244e-17
2.31952e-16
2.36027e-15
2.04662e-14
1.51226e-13
9.52201e-13
5.10909e-12
2.33599e-11
9.10147e-11
3.02179e-10
8.54931e-10
2.06115e-09
4.2345e-09
7.41323e-09
1.10592e-08
1.4059e-08
1.523e-08
1.4059e-08
1.10592e-08
7.41323e-09
4.2345e-09
2.06115e-09
8.54931e-10
3.02179e-10
9.10147e-11
2.33599e-11
5.10909e-12
9.52201e-13
1.51226e-13
2.04662e-14
2.36027e-15
2.31952e-16
1.94244e-17
1.38615e-18
8.4292e-20
4.36792e-21
1.92875e-22
7.25755e-24
2.32711e-25
6.35853e-27
1.4805e-28
2.93748e-30
2.98909e-29
1.50651e-27
6.47023e-26
2.36799e-24
7.38505e-23
1.96263e-21
4.44465e-20
8.57728e-19
1.4105e-17
1.97657e-16
2.36027e-15
2.40173e-14
2.08258e-13
1.53883e-12
9.68929e-12
5.19884e-11
2.37703e-10
9.26136e-10
3.07488e-09
8.6995e-09
2.09736e-08
4.30889e-08
7.54346e-08
1.12535e-07
1.4306e-07
1.54975e-07
1.4306e-07
1.12535e-07
7.54346e-08
4.30889e-08
2.09736e-08
8.6995e-09
3.07488e-09
9.26136e-10
2.37703e-10
5.19884e-11
9.68929e-12
1.53883e-12
2.08258e-13
2.40173e-14
2.36027e-15
1.97657e-16
1.4105e-17
8.57728e-19
4.44465e-20
1.96263e-21
7.38505e-23
2.36799e-24
6.47023e-26
1.50651e-27
2.98909e-29
2.59188e-28
1.30632e-26
5.61043e-25
2.05332e-23
6.40368e-22
1.70183e-20
3.85402e-19
7.43748e-18
1.22307e-16
1.71391e-15
2.04662e-14
2.08258e-13
1.80583e-12
1.33434e-11
8.40172e-11
4.50799e-10
2.06115e-09
8.03065e-09
2.66627e-08
7.54346e-08
1.81865e-07
3.7363e-07
6.54104e-07
9.75808e-07
1.2405e-06
1.34381e-06
1.2405e-06
9.75808e-07
6.54104e-07
3.7363e-07
1.81865e-07
7.54346e-08
2.66627e-08
8.03065e-09
2.06115e-09
4.50799e-10
8.40172e-11
1.33434e-11
1.80583e-12
2.08258e-13
2.04662e-14
1.71391e-15
1.22307e-16
7.43748e-18
3.85402e-19
1.70183e-20
6.40368e-22
2.05332e-23
5.61043e-25
1.30632e-26
2.59188e-28
1.91515e-27
9.65246e-26
4.14558e-24
1.51721e-22
4.73171e-21
1.25749e-19
2.84776e-18
5.49559e-17
9.03731e-16
1.26642e-14
1.51226e-13
1.53883e-12
1.33434e-11
9.85951e-11
6.20808e-10
3.33098e-09
1.523e-08
5.93389e-08
1.97012e-07
5.5739e-07
1.34381e-06
2.76077e-06
4.83321e-06
7.2103e-06
9.16609e-06
9.9295e-06
9.16609e-06
7.2103e-06
4.83321e-06
2.76077e-06
1.34381e-06
5.5739e-07
1.97012e-07
5.93389e-08
1.523e-08
3.33098e-09
6.20808e-10
9.85951e-11
1.33434e-11
1.53883e-12
1.51226e-13
1.26642e-14
9.03731e-16
5.49559e-17
2.84776e-18
1.25749e-19
4.73171e-21
1.51721e-22
4.14558e-24
9.65246e-26
1.91515e-27
1.20588e-26
6.07771e-25
2.61028e-23
9.55316e-22
2.97934e-20
7.91783e-19
1.7931e-17
3.46032e-16
5.69038e-15
7.97404e-14
9.52201e-13
9.68929e-12
8.40172e-11
6.20808e-10
3.90894e-09
2.09736e-08
9.58962e-08
3.7363e-07
1.2405e-06
3.50963e-06
8.46137e-06
1.73833e-05
3.04325e-05
4.53999e-05
5.77146e-05
6.25215e-05
5.77146e-05
4.53999e-05
3.04325e-05
1.73833e-05
8.46137e-06
3.50963e-06
1.2405e-06
3.7363e-07
9.58962e-08
2.09736e-08
3.90894e-09
6.20808e-10
8.40172e-11
9.68929e-12
9.52201e-13
7.97404e-14
5.69038e-15
3.46032e-16
1.7931e-17
7.91783e-19
2.97934e-20
9.55316e-22
2.61028e-23
6.07771e-25
1.20588e-26
6.47023e-26
3.26103e-24
1.40056e-22
5.1258e-21
1.59858e-19
4.24835e-18
9.62098e-17
1.85665e-15
3.0532e-14
4.27852e-13
5.10909e-12
5.19884e-11
4.50799e-10
3.33098e-09
2.09736e-08
1.12535e-07
5.14536e-07
2.00473e-06
6.65595e-06
1.88311e-05
4.53999e-05
9.32711e-05
0.000163287
0.000243596
0.000309671
0.000335463
0.000309671
0.000243596
0.000163287
9.32711e-05
4.53999e-05
1.88311e-05
6.65595e-06
2.00473e-06
5.14536e-07
1.12535e-07
2.09736e-08
3.33098e-09
4.50799e-10
5.19884e-11
5.10909e-12
4.27852e-13
3.0532e-14
1.85665e-15
9.62098e-17
4.24835e-18
1.59858e-19
5.1258e-21
1.40056e-22
3.26103e-24
6.47023e-26
2.95834e-25
1.49102e-23
6.40368e-22
2.34363e-20
7.30908e-19
1.94244e-17
4.39893e-16
8.48904e-15
1.39599e-13
1.95623e-12
2.33599e-11
2.37703e-10
2.06115e-09
1.523e-08
9.58962e-08
5.14536e-07
2.35258e-06
9.16609e-06
3.04325e-05
8.61001e-05
0.000207579
0.000426457
0.000746586
0.00111378
0.00141589
0.00153381
0.00141589
0.00111378
0.000746586
0.000426457
0.000207579
8.61001e-05
3.04325e-05
9.16609e-06
2.35258e-06
5.14536e-07
9.58962e-08
1.523e-08
2.06115e-09
2.37703e-10
2.33599e-11
1.95623e-12
1.39599e-13
8.48904e-15
4.39893e-16
1.94244e-17
7.30908e-19
2.34363e-20
6.40368e-22
1.49102e-23
2.95834e-25
1.15263e-24
5.80928e-23
2.495e-21
9.13124e-20
2.84776e-18
7.56813e-17
1.71391e-15
3.3075e-14
5.43906e-13
7.62187e-12
9.10147e-11
9.26136e-10
8.03065e-09
5.93389e-08
3.7363e-07
2.00473e-06
9.16609e-06
3.57128e-05
0.000118571
0.000335463
0.000808767
0.00166156
0.00290884
0.00433948
0.00551656
0.00597602
0.00551656
0.00433948
0.00290884
0.00166156
0.000808767
0.000335463
0.000118571
3.57128e-05
9.16609e-06
2.00473e-06
3.7363e-07
5.93389e-08
8.03065e-09
9.26136e-10
9.10147e-11
7.62187e-12
5.43906e-13
3.3075e-14
1.71391e-15
7.56813e-17
2.84776e-18
9.13124e-20
2.495e-21
5.80928e-23
1.15263e-24
3.82685e-24
1.92875e-22
8.28368e-21
3.03168e-19
9.45489e-18
2.51271e-16
5.69038e-15
1.09813e-13
1.80583e-12
2.53055e-11
3.02179e-10
3.07488e-09
2.66627e-08
1.97012e-07
1.2405e-06
6.65595e-06
3.04325e-05
0.000118571
0.000393669
0.00111378
0.0026852
0.00551656
0.0096577
0.0144076
0.0183156
0.0198411
0.0183156
0.0144076
0.0096577
0.00551656
0.0026852
0.00111378
0.000393669
0.000118571
3.04325e-05
6.65595e-06
1.2405e-06
1.97012e-07
2.66627e-08
3.07488e-09
3.02179e-10
2.53055e-11
1.80583e-12
1.09813e-13
5.69038e-15
2.51271e-16
9.45489e-18
3.03168e-19
8.28368e-21
1.92875e-22
3.82685e-24
1.0827e-23
5.45685e-22
2.34363e-20
8.57728e-19
2.67499e-17
7.109e-16
1.60993e-14
3.10684e-13
5.10909e-12
7.15947e-11
8.54931e-10
8.6995e-09
7.54346e-08
5.5739e-07
3.50963e-06
1.88311e-05
8.61001e-05
0.000335463
0.00111378
0.00315111
0.00759701
0.0156076
0.0273237
0.0407622
0.0518189
0.0561348
0.0518189
0.0407622
0.0273237
0.0156076
0.00759701
0.00315111
0.00111378
0.000335463
8.61001e-05
1.88311e-05
3.50963e-06
5.5739e-07
7.54346e-08
8.6995e-09
8.54931e-10
7.15947e-11
5.10909e-12
3.10684e-13
1.60993e-14
7.109e-16
2.67499e-17
8.57728e-19
2.34363e-20
5.45685e-22
1.0827e-23
2.61028e-23
1.31559e-21
5.65026e-20
2.0679e-18
6.44914e-17
1.71391e-15
3.88138e-14
7.49028e-13
1.23175e-11
1.72608e-10
2.06115e-09
2.09736e-08
1.81865e-07
1.34381e-06
8.46137e-06
4.53999e-05
0.000207579
0.000808767
0.0026852
0.00759701
0.0183156
0.0376283
0.0658748
0.0982736
0.12493
0.135335
0.12493
0.0982736
0.0658748
0.0376283
0.0183156
0.00759701
0.0026852
0.000808767
0.000207579
4.53999e-05
8.46137e-06
1.34381e-06
1.81865e-07
2.09736e-08
2.06115e-09
1.72608e-10
1.23175e-11
7.49028e-13
3.88138e-14
1.71391e-15
6.44914e-17
2.0679e-18
5.65026e-20
1.31559e-21
2.61028e-23
5.36264e-23
2.7028e-21
1.16081e-19
4.24835e-18
1.32493e-16
3.52111e-15
7.97404e-14
1.53883e-12
2.53055e-11
3.54611e-10
4.2345e-09
4.30889e-08
3.7363e-07
2.76077e-06
1.73833e-05
9.32711e-05
0.000426457
0.00166156
0.00551656
0.0156076
0.0376283
0.0773047
0.135335
0.201897
0.256661
0.278037
0.256661
0.201897
0.135335
0.0773047
0.0376283
0.0156076
0.00551656
0.00166156
0.000426457
9.32711e-05
1.73833e-05
2.76077e-06
3.7363e-07
4.30889e-08
4.2345e-09
3.54611e-10
2.53055e-11
1.53883e-12
7.97404e-14
3.52111e-15
1.32493e-16
4.24835e-18
1.16081e-19
2.7028e-21
5.36264e-23
9.38823e-23
4.73171e-21
2.0322e-19
7.43748e-18
2.31952e-16
6.16431e-15
1.39599e-13
2.69398e-12
4.43016e-11
6.20808e-10
7.41323e-09
7.54346e-08
6.54104e-07
4.83321e-06
3.04325e-05
0.000163287
0.000746586
0.00290884
0.0096577
0.0273237
0.0658748
0.135335
0.236928
0.353455
0.449329
0.486752
0.449329
0.353455
0.236928
0.135335
0.0658748
0.0273237
0.0096577
0.00290884
0.000746586
0.000163287
3.04325e-05
4.83321e-06
6.54104e-07
7.54346e-08
7.41323e-09
6.20808e-10
4.43016e-11
2.69398e-12
1.39599e-13
6.16431e-15
2.31952e-16
7.43748e-18
2.0322e-19
4.73171e-21
9.38823e-23
1.40056e-22
7.05888e-21
3.03168e-19
1.10954e-17
3.46032e-16
9.19607e-15
2.08258e-13
4.01895e-12
6.60902e-11
9.26136e-10
1.10592e-08
1.12535e-07
9.75808e-07
7.2103e-06
4.53999e-05
0.000243596
0.00111378
0.00433948
0.0144076
0.0407622
0.0982736
0.201897
0.353455
0.527292
0.67032
0.726149
0.67032
0.527292
0.353455
0.201897
0.0982736
0.0407622
0.0144076
0.00433948
0.00111378
0.000243596
4.53999e-05
7.2103e-06
9.75808e-07
1.12535e-07
1.10592e-08
9.26136e-10
6.60902e-11
4.01895e-12
2.08258e-13
9.19607e-15
3.46032e-16
1.10954e-17
3.03168e-19
7.05888e-21
1.40056e-22
1.78046e-22
8.9736e-21
3.85402e-19
1.4105e-17
4.39893e-16
1.16905e-14
2.64747e-13
5.10909e-12
8.40172e-11
1.17735e-09
1.4059e-08
1.4306e-07
1.2405e-06
9.16609e-06
5.77146e-05
0.000309671
0.00141589
0.00551656
0.0183156
0.0518189
0.12493
0.256661
0.449329
0.67032
0.852144
0.923116
0.852144
0.67032
0.449329
0.256661
0.12493
0.0518189
0.0183156
0.00551656
0.00141589
0.000309671
5.77146e-05
9.16609e-06
1.2405e-06
1.4306e-07
1.4059e-08
1.17735e-09
8.40172e-11
5.10909e-12
2.64747e-13
1.16905e-14
4.39893e-16
1.4105e-17
3.85402e-19
8.9736e-21
1.78046e-22
1.92875e-22
9.72099e-21
4.17501e-19
1.52798e-17
4.7653e-16
1.26642e-14
2.86798e-13
5.53461e-12
9.10147e-11
1.27541e-09
1.523e-08
1.54975e-07
1.34381e-06
9.9295e-06
6.25215e-05
0.000335463
0.00153381
0.00597602
0.0198411
0.0561348
0.135335
0.278037
0.486752
0.726149
0.923116
1
0.923116
0.726149
0.486752
0.278037
0.135335
0.0561348
0.0198411
0.00597602
0.00153381
0.000335463
6.25215e-05
9.9295e-06
1.34381e-06
1.54975e-07
1.523e-08
1.27541e-09
9.10147e-11
5.53461e-12
2.86798e-13
1.26642e-14
4.7653e-16
1.52798e-17
4.17501e-19
9.72099e-21
1.92875e-22
1.78046e-22
8.9736e-21
3.85402e-19
1.4105e-17
4.39893e-16
1.16905e-14
2.64747e-13
5.10909e-12
8.40172e-11
1.17735e-09
1.4059e-08
1.4306e-07
1.2405e-06
9.16609e-06
5.77146e-05
0.000309671
0.00141589
0.00551656
0.0183156
0.0518189
0.12493
0.256661
0.449329
0.67032
0.852144
0.923116
0.852144
0.67032
0.449329
0.256661
0.12493
0.0518189
0.0183156
0.00551656
0.00141589
0.000309671
5.77146e-05
9.16609e-06
1.2405e-06
1.4306e-07
1.4059e-08
1.17735e-09
8.40172e-11
5.10909e-12
2.64747e-13
1.16905e-14
4.39893e-16
1.4105e-17
3.85402e-19
8.9736e-21
1.78046e-22
1.40056e-22
7.05888e-21
3.03168e-19
1.10954e-17
3.46032e-16
9.19607e-15
2.08258e-13
4.01895e-12
6.60902e-11
9.26136e-10
1.10592e-08
1.12535e-07
9.75808e-07
7.2103e-06
4.53999e-05
0.000243596
0.00111378
0.00433948
0.0144076
0.0407622
0.0982736
0.201897
0.353455
0.527292
0.67032
0.726149
0.67032
0.527292
0.353455
0.201897
0.0982736
0.0407622
0.0144076
0.00433948
0.00111378
0.000243596
4.53999e-05
7.2103e-06
9.75808e-07
1.12535e-07
1.10592e-08
9.26136e-10
6.60902e-11
4.01895e-12
2.08258e-13
9.19607e-15
3.46032e-16
1.10954e-17
3.03168e-19
7.05888e-21
1.40056e-22
9.38823e-23
4.73171e-21
2.0322e-19
7.43748e-18
2.31952e-16
6.16431e-15
1.39599e-13
2.69398e-12
4.43016e-11
6.20808e-10
7.41323e-09
7.54346e-08
6.54104e-07
4.83321e-06
3.04325e-05
0.000163287
0.000746586
0.00290884
0.0096577
0.0273237
0.0658748
0.135335
0.236928
0.353455
0.449329
0.486752
0.449329
0.353455
0.236928
0.135335
0.0658748
0.0273237
0.0096577
0.00290884
0.000746586
0.000163287
3.04325e-05
4.83321e-06
6.54104e-07
7.54346e-08
7.41323e-09
6.20808e-10
4.43016e-11
2.69398e-12
1.39599e-13
6.16431e-15
2.31952e-16
7.43748e-18
2.0322e-19
4.73171e-21
9.38823e-23
5.36264e-23
2.7028e-21
1.16081e-19
4.24835e-18
1.32493e-16
3.52111e-15
7.97404e-14
1.53883e-12
2.53055e-11
3.54611e-10
4.2345e-09
4.30889e-08
3.7363e-07
2.76077e-06
1.73833e-05
9.32711e-05
0.000426457
0.00166156
0.00551656
0.0156076
0.0376283
0.0773047
0.135335
0.201897
0.256661
0.278037
0.256661
0.201897
0.135335
0.0773047
0.0376283
0.0156076
0.00551656
0.00166156
0.000426457
9.32711e-05
1.73833e-05
2.76077e-06
3.7363e-07
4.30889e-08
4.2345e-09
3.54611e-10
2.53055e-11
1.53883e-12
7.97404e-14
3.52111e-15
1.32493e-16
4.24835e-18
1.16081e-19
2.7028e-21
5.36264e-23
2.61028e-23
1.31559e-21
5.65026e-20
2.0679e-18
6.44914e-17
1.71391e-15
3.88138e-14
7.49028e-13
1.23175e-11
1.72608e-10
2.06115e-09
2.09736e-08
1.81865e-07
1.34381e-06
8.46137e-06
4.53999e-05
0.000207579
0.000808767
0.0026852
0.00759701
0.0183156
0.0376283
0.0658748
0.0982736
0.12493
0.135335
0.12493
0.0982736
0.0658748
0.0376283
0.0183156
0.00759701
0.0026852
0.000808767
0.000207579
4.53999e-05
8.46137e-06
1.34381e-06
1.81865e-07
2.09736e-08
2.06115e-09
1.72608e-10
1.23175e-11
7.49028e-13
3.88138e-14
1.71391e-15
6.44914e-17
2.0679e-18
5.65026e-20
1.31559e-21
2.61028e-23
1.0827e-23
5.45685e-22
2.34363e-20
8.57728e-19
2.67499e-17
7.109e-16
1.60993e-14
3.10684e-13
5.10909e-12
7.15947e-11
8.54931e-10
8.6995e-09
7.54346e-08
5.5739e-07
3.50963e-06
1.88311e-05
8.61001e-05
0.000335463
0.00111378
0.00315111
0.00759701
0.0156076
0.0273237
0.0407622
0.0518189
0.0561348
0.0518189
0.0407622
0.0273237
0.0156076
0.00759701
0.00315111
0.00111378
0.000335463
8.61001e-05
1.88311e-05
3.50963e-06
5.5739e-07
7.54346e-08
8.6995e-09
8.54931e-10
7.15947e-11
5.10909e-12
3.10684e-13
1.60993e-14
7.109e-16
2.67499e-17
8.57728e-19
2.34363e-20
5.45685e-22
1.0827e-23
3.82685e-24
1.92875e-22
8.28368e-21
3.03168e-19
9.45489e-18
2.51271e-16
5.69038e-15
1.09813e-13
1.80583e-12
2.53055e-11
3.02179e-10
3.07488e-09
2.66627e-08
1.97012e-07
1.2405e-06
6.65595e-06
3.04325e-05
0.000118571
0.000393669
0.00111378
0.0026852
0.00551656
0.0096577
0.0144076
0.0183156
0.0198411
0.0183156
0.0144076
0.0096577
0.00551656
0.0026852
0.00111378
0.000393669
0.000118571
3.04325e-05
6.65595e-06
1.2405e-06
1.97012e-07
2.66627e-08
3.07488e-09
3.02179e-10
2.53055e-11
1.80583e-12
1.09813e-13
5.69038e-15
2.51271e-16
9.45489e-18
3.03168e-19
8.28368e-21
1.92875e-22
3.82685e-24
1.15263e-24
5.80928e-23
2.495e-21
9.13124e-20
2.84776e-18
7.56813e-17
1.71391e-15
3.3075e-14
5.43906e-13
7.62187e-12
9.10147e-11
9.26136e-10
8.03065e-09
5.93389e-08
3.7363e-07
2.00473e-06
9.16609e-06
3.57128e-05
0.000118571
0.000335463
0.000808767
0.00166156
0.00290884
0.00433948
0.00551656
0.00597602
0.00551656
0.00433948
0.00290884
0.00166156
0.000808767
0.000335463
0.000118571
3.57128e-05
9.16609e-06
2.00473e-06
3.7363e-07
5.93389e-08
8.03065e-09
9.26136e-10
9.10147e-11
7.62187e-12
5.43906e-13
3.3075e-14
1.71391e-15
7.56813e-17
2.84776e-18
9.13124e-20
2.495e-21
5.80928e-23
1.15263e-24
2.95834e-25
1.49102e-23
6.40368e-22
2.34363e-20
7.30908e-19
1.94244e-17
4.39893e-16
8.48904e-15
1.39599e-13
1.95623e-12
2.33599e-11
2.37703e-10
2.06115e-09
1.523e-08
9.58962e-08
5.14536e-07
2.35258e-06
9.16609e-06
3.04325e-05
8.61001e-05
0.000207579
0.000426457
0.000746586
0.00111378
0.00141589
0.00153381
0.00141589
0.00111378
0.000746586
0.000426457
0.000207579
8.61001e-05
3.04325e-05
9.16609e-06
2.35258e-06
5.14536e-07
9.58962e-08
1.523e-08
2.06115e-09
2.37703e-10
2.33599e-11
1.95623e-12
1.39599e-13
8.48904e-15
4.39893e-16
1.94244e-17
7.30908e-19
2.34363e-20
6.40368e-22
1.49102e-23
2.95834e-25
6.47023e-26
3.26103e-24
1.40056e-22
5.1258e-21
1.59858e-19
4.24835e-18
9.62098e-17
1.85665e-15
3.0532e-14
4.27852e-13
5.10909e-12
5.19884e-11
4.50799e-10
3.33098e-09
2.09736e-08
1.12535e-07
5.14536e-07
2.00473e-06
6.65595e-06
1.88311e-05
4.53999e-05
9.32711e-05
0.000163287
0.000243596
0.000309671
0.000335463
0.000309671
0.000243596
0.000163287
9.32711e-05
4.53999e-05
1.88311e-05
6.65595e-06
2.00473e-06
5.14536e-07
1.12535e-07
2.09736e-08
3.33098e-09
4.50799e-10
5.19884e-11
5.10909e-12
4.27852e-13
3.0532e-14
1.85665e-15
9.62098e-17
4.24835e-18
1.59858e-19
5.1258e-21
1.40056e-22
3.26103e-24
6.47023e-26
1.20588e-26
6.07771e-25
2.61028e-23
9.55316e-22
2.97934e-20
7.91783e-19
1.7931e-17
3.46032e-16
5.69038e-15
7.97404e-14
9.52201e-13
9.68929e-12
8.40172e-11
6.20808e-10
3.90894e-09
2.09736e-08
9.58962e-08
3.7363e-07
1.2405e-06
3.50963e-06
8.46137e-06
1.73833e-05
3.04325e-05
4.53999e-05
5.77146e-05
6.25215e-05
5.77146e-05
4.53999e-05
3.04325e-05
1.73833e-05
8.46137e-06
3.50963e-06
1.2405e-06
3.7363e-07
9.58962e-08
2.09736e-08
3.90894e-09
6.20808e-10
8.40172e-11
9.68929e-12
9.52201e-13
7.97404e-14
5.69038e-15
3.46032e-16
1.7931e-17
7.91783e-19
2.97934e-20
9.55316e-22
2.61028e-23
6.07771e-25
1.20588e-26
1.91515e-27
9.65246e-26
4.14558e-24
1.51721e-22
4.73171e-21
1.25749e-19
2.84776e-18
5.49559e-17
9.03731e-16
1.26642e-14
1.51226e-13
1.53883e-12
1.33434e-11
9.85951e-11
6.20808e-10
3.33098e-09
1.523e-08
5.93389e-08
1.97012e-07
5.5739e-07
1.34381e-06
2.76077e-06
4.83321e-06
7.2103e-06
9.16609e-06
9.9295e-06
9.16609e-06
7.2103e-06
4.83321e-06
2.76077e-06
1.34381e-06
5.5739e-07
1.97012e-07
5.93389e-08
1.523e-08
3.33098e-09
6.20808e-10
9.85951e-11
1.33434e-11
1.53883e-12
1.51226e-13
1.26642e-14
9.03731e-16
5.49559e-17
2.84776e-18
1.25749e-19
4.73171e-21
1.51721e-22
4.14558e-24
9.65246e-26
1.91515e-27
2.59188e-28
1.30632e-26
5.61043e-25
2.05332e-23
6.40368e-22
1.70183e-20
3.85402e-19
7.43748e-18
1.22307e-16
1.71391e-15
2.04662e-14
2.08258e-13
1.80583e-12
1.33434e-11
8.40172e-11
4.50799e-10
2.06115e-09
8.03065e-09
2.66627e-08
7.54346e-08
1.81865e-07
3.7363e-07
6.54104e-07
9.75808e-07
1.2405e-06
1.34381e-06
1.2405e-06
9.75808e-07
6.54104e-07
3.7363e-07
1.81865e-07
7.54346e-08
2.66627e-08
8.03065e-09
2.06115e-09
4.50799e-10
8.40172e-11
1.33434e-11
1.80583e-12
2.08258e-13
2.04662e-14
1.71391e-15
1.22307e-16
7.43748e-18
3.85402e-19
1.70183e-20
6.40368e-22
2.05332e-23
5.61043e-25
1.30632e-26
2.59188e-28
2.98909e-29
1.50651e-27
6.47023e-26
2.36799e-24
7.38505e-23
1.96263e-21
4.44465e-20
8.57728e-19
1.4105e-17
1.97657e-16
2.36027e-15
2.40173e-14
2.08258e-13
1.53883e-12
9.68929e-12
5.19884e-11
2.37703e-10
9.26136e-10
3.07488e-09
8.6995e-09
2.09736e-08
4.30889e-08
7.54346e-08
1.12535e-07
1.4306e-07
1.54975e-07
1.4306e-07
1.12535e-07
7.54346e-08
4.30889e-08
2.09736e-08
8.6995e-09
3.07488e-09
9.26136e-10
2.37703e-10
5.19884e-11
9.68929e-12
1.53883e-12
2.08258e-13
2.40173e-14
2.36027e-15
1.97657e-16
1.4105e-17
8.57728e-19
4.44465e-20
1.96263e-21
7.38505e-23
2.36799e-24
6.47023e-26
1.50651e-27
2.98909e-29
2.93748e-30
1.4805e-28
6.35853e-27
2.32711e-25
7.25755e-24
1.92875e-22
4.36792e-21
8.4292e-20
1.38615e-18
1.94244e-17
2.31952e-16
2.36027e-15
2.04662e-14
1.51226e-13
9.52201e-13
5.10909e-12
2.33599e-11
9.10147e-11
3.02179e-10
8.54931e-10
2.06115e-09
4.2345e-09
7.41323e-09
1.10592e-08
1.4059e-08
1.523e-08
1.4059e-08
1.10592e-08
7.41323e-09
4.2345e-09
2.06115e-09
8.54931e-10
3.02179e-10
9.10147e-11
2.33599e-11
5.10909e-12
9.52201e-13
1.51226e-13
2.04662e-14
2.36027e-15
2.31952e-16
1.94244e-17
1.38615e-18
8.4292e-20
4.36792e-21
1.92875e-22
7.25755e-24
2.32711e-25
6.35853e-27
1.4805e-28
2.93748e-30
2.45994e-31
1.23982e-29
5.32484e-28
1.9488e-26
6.07771e-25
1.6152e-23
3.65784e-22
7.05888e-21
1.16081e-19
1.62666e-18
1.94244e-17
1.97657e-16
1.71391e-15
1.26642e-14
7.97404e-14
4.27852e-13
1.95623e-12
7.62187e-12
2.53055e-11
7.15947e-11
1.72608e-10
3.54611e-10
6.20808e-10
9.26136e-10
1.17735e-09
1.27541e-09
1.17735e-09
9.26136e-10
6.20808e-10
3.54611e-10
1.72608e-10
7.15947e-11
2.53055e-11
7.62187e-12
1.95623e-12
4.27852e-13
7.97404e-14
1.26642e-14
1.71391e-15
1.97657e-16
1.94244e-17
1.62666e-18
1.16081e-19
7.05888e-21
3.65784e-22
1.6152e-23
6.07771e-25
1.9488e-26
5.32484e-28
1.23982e-29
2.45994e-31
1.75545e-32
8.84753e-31
3.79987e-29
1.39069e-27
4.33713e-26
1.15263e-24
2.61028e-23
5.03731e-22
8.28368e-21
1.16081e-19
1.38615e-18
1.4105e-17
1.22307e-16
9.03731e-16
5.69038e-15
3.0532e-14
1.39599e-13
5.43906e-13
1.80583e-12
5.10909e-12
1.23175e-11
2.53055e-11
4.43016e-11
6.60902e-11
8.40172e-11
9.10147e-11
8.40172e-11
6.60902e-11
4.43016e-11
2.53055e-11
1.23175e-11
5.10909e-12
1.80583e-12
5.43906e-13
1.39599e-13
3.0532e-14
5.69038e-15
9.03731e-16
1.22307e-16
1.4105e-17
1.38615e-18
1.16081e-19
8.28368e-21
5.03731e-22
2.61028e-23
1.15263e-24
4.33713e-26
1.39069e-27
3.79987e-29
8.84753e-31
1.75545e-32
1.06749e-33
5.38019e-32
2.31071e-30
8.45677e-29
2.63741e-27
7.00912e-26
1.58731e-24
3.06319e-23
5.03731e-22
7.05888e-21
8.4292e-20
8.57728e-19
7.43748e-18
5.49559e-17
3.46032e-16
1.85665e-15
8.48904e-15
3.3075e-14
1.09813e-13
3.10684e-13
7.49028e-13
1.53883e-12
2.69398e-12
4.01895e-12
5.10909e-12
5.53461e-12
5.10909e-12
4.01895e-12
2.69398e-12
1.53883e-12
7.49028e-13
3.10684e-13
1.09813e-13
3.3075e-14
8.48904e-15
1.85665e-15
3.46032e-16
5.49559e-17
7.43748e-18
8.57728e-19
8.4292e-20
7.05888e-21
5.03731e-22
3.06319e-23
1.58731e-24
7.00912e-26
2.63741e-27
8.45677e-29
2.31071e-30
5.38019e-32
1.06749e-33
5.53161e-35
2.78795e-33
1.19738e-31
4.38221e-30
1.36668e-28
3.63205e-27
8.22528e-26
1.58731e-24
2.61028e-23
3.65784e-22
4.36792e-21
4.44465e-20
3.85402e-19
2.84776e-18
1.7931e-17
9.62098e-17
4.39893e-16
1.71391e-15
5.69038e-15
1.60993e-14
3.88138e-14
7.97404e-14
1.39599e-13
2.08258e-13
2.64747e-13
2.86798e-13
2.64747e-13
2.08258e-13
1.39599e-13
7.97404e-14
3.88138e-14
1.60993e-14
5.69038e-15
1.71391e-15
4.39893e-16
9.62098e-17
1.7931e-17
2.84776e-18
3.85402e-19
4.44465e-20
4.36792e-21
3.65784e-22
2.61028e-23
1.58731e-24
8.22528e-26
3.63205e-27
1.36668e-28
4.38221e-30
1.19738e-31
2.78795e-33
5.53161e-35
2.4426e-36
1.23108e-34
5.2873e-33
1.93506e-31
6.03486e-30
1.60381e-28
3.63205e-27
7.00912e-26
1.15263e-24
1.6152e-23
1.92875e-22
1.96263e-21
1.70183e-20
1.25749e-19
7.91783e-19
4.24835e-18
1.94244e-17
7.56813e-17
2.51271e-16
7.109e-16
1.71391e-15
3.52111e-15
6.16431e-15
9.19607e-15
1.16905e-14
1.26642e-14
1.16905e-14
9.19607e-15
6.16431e-15
3.52111e-15
1.71391e-15
7.109e-16
2.51271e-16
7.56813e-17
1.94244e-17
4.24835e-18
7.91783e-19
1.25749e-19
1.70183e-20
1.96263e-21
1.92875e-22
1.6152e-23
1.15263e-24
7.00912e-26
3.63205e-27
1.60381e-28
6.03486e-30
1.93506e-31
5.2873e-33
1.23108e-34
2.4426e-36
9.19108e-38
4.63235e-36
1.98952e-34
7.28129e-33
2.27081e-31
6.03486e-30
1.36668e-28
2.63741e-27
4.33713e-26
6.07771e-25
7.25755e-24
7.38505e-23
6.40368e-22
4.73171e-21
2.97934e-20
1.59858e-19
7.30908e-19
2.84776e-18
9.45489e-18
2.67499e-17
6.44914e-17
1.32493e-16
2.31952e-16
3.46032e-16
4.39893e-16
4.7653e-16
4.39893e-16
3.46032e-16
2.31952e-16
1.32493e-16
6.44914e-17
2.67499e-17
9.45489e-18
2.84776e-18
7.30908e-19
1.59858e-19
2.97934e-20
4.73171e-21
6.40368e-22
7.38505e-23
7.25755e-24
6.07771e-25
4.33713e-26
2.63741e-27
1.36668e-28
6.03486e-30
2.27081e-31
7.28129e-33
1.98952e-34
4.63235e-36
9.19108e-38
2.94709e-39
1.48535e-37
6.37933e-36
2.33472e-34
7.28129e-33
1.93506e-31
4.38221e-30
8.45677e-29
1.39069e-27
1.9488e-26
2.32711e-25
2.36799e-24
2.05332e-23
1.51721e-22
9.55316e-22
5.1258e-21
2.34363e-20
9.13124e-20
3.03168e-19
8.57728e-19
2.0679e-18
4.24835e-18
7.43748e-18
1.10954e-17
1.4105e-17
1.52798e-17
1.4105e-17
1.10954e-17
7.43748e-18
4.24835e-18
2.0679e-18
8.57728e-19
3.03168e-19
9.13124e-20
2.34363e-20
5.1258e-21
9.55316e-22
1.51721e-22
2.05332e-23
2.36799e-24
2.32711e-25
1.9488e-26
1.39069e-27
8.45677e-29
4.38221e-30
1.93506e-31
7.28129e-33
2.33472e-34
6.37933e-36
1.48535e-37
2.94709e-39
8.05255e-41
4.05852e-39
1.74307e-37
6.37933e-36
1.98952e-34
5.2873e-33
1.19738e-31
2.31071e-30
3.79987e-29
5.32484e-28
6.35853e-27
6.47023e-26
5.61043e-25
4.14558e-24
2.61028e-23
1.40056e-22
6.40368e-22
2.495e-21
8.28368e-21
2.34363e-20
5.65026e-20
1.16081e-19
2.0322e-19
3.03168e-19
3.85402e-19
4.17501e-19
3.85402e-19
3.03168e-19
2.0322e-19
1.16081e-19
5.65026e-20
2.34363e-20
8.28368e-21
2.495e-21
6.40368e-22
1.40056e-22
2.61028e-23
4.14558e-24
5.61043e-25
6.47023e-26
6.35853e-27
5.32484e-28
3.79987e-29
2.31071e-30
1.19738e-31
5.2873e-33
1.98952e-34
6.37933e-36
1.74307e-37
4.05852e-39
8.05255e-41
1.87493e-42
9.44975e-41
4.05852e-39
1.48535e-37
4.63235e-36
1.23108e-34
2.78795e-33
5.38019e-32
8.84753e-31
1.23982e-29
1.4805e-28
1.50651e-27
1.30632e-26
9.65246e-26
6.07771e-25
3.26103e-24
1.49102e-23
5.80928e-23
1.92875e-22
5.45685e-22
1.31559e-21
2.7028e-21
4.73171e-21
7.05888e-21
8.9736e-21
9.72099e-21
8.9736e-21
7.05888e-21
4.73171e-21
2.7028e-21
1.31559e-21
5.45685e-22
1.92875e-22
5.80928e-23
1.49102e-23
3.26103e-24
6.07771e-25
9.65246e-26
1.30632e-26
1.50651e-27
1.4805e-28
1.23982e-29
8.84753e-31
5.38019e-32
2.78795e-33
1.23108e-34
4.63235e-36
1.48535e-37
4.05852e-39
9.44975e-41
1.87493e-42
3.72008e-44
1.87493e-42
8.05255e-41
2.94709e-39
9.19108e-38
2.4426e-36
5.53161e-35
1.06749e-33
1.75545e-32
2.45994e-31
2.93748e-30
2.98909e-29
2.59188e-28
1.91515e-27
1.20588e-26
6.47023e-26
2.95834e-25
1.15263e-24
3.82685e-24
1.0827e-23
2.61028e-23
5.36264e-23
9.38823e-23
1.40056e-22
1.78046e-22
1.92875e-22
1.78046e-22
1.40056e-22
9.38823e-23
5.36264e-23
2.61028e-23
1.0827e-23
3.82685e-24
1.15263e-24
2.95834e-25
6.47023e-26
1.20588e-26
1.91515e-27
2.59188e-28
2.98909e-29
2.93748e-30
2.45994e-31
1.75545e-32
1.06749e-33
5.53161e-35
2.4426e-36
9.19108e-38
2.94709e-39
8.05255e-41
1.87493e-42
3.72008e-44
