40 40
89.200000 90.300000
38.900000 39.300000
1
3.000000
3.000000
3.000000
3.000000
3.000000
3.000000
3.000000
3.000000
3.000000
3.000000
3.000000
3.000000
3.000000
3.000000
3.000000
3.000000
3.000000
3.000000
3.000000
3.000000
3.000000
3.000000
3.000000
3.000000
3.000000
3.000000
3.000000
3.000000
3.000000
3.000000
3.000000
3.000000
3.000000
3.000000
3.000000
3.000000
3.000000
3.000000
3.000000
3.000000
3.000000
3.068955
3.121027
3.143467
3.130782
3.086077
3.020297
2.949548
2.891151
2.859404
2.862080
2.898524
2.959812
3.030940
3.094493
3.134910
3.142297
3.114845
3.059274
2.989191
2.921755
2.873475
2.856174
2.874086
2.922826
2.990461
3.060432
3.115606
3.142477
3.134464
3.093529
3.029696
2.958592
2.897626
2.861724
2.859678
2.891987
2.950742
3.021556
3.000000
3.000000
3.121027
3.212422
3.251809
3.229544
3.151079
3.035625
2.911448
2.808952
2.753231
2.757928
2.821892
2.929464
3.054305
3.165851
3.236790
3.249755
3.201571
3.104036
2.981029
2.862667
2.777928
2.747561
2.779000
2.864547
2.983258
3.106068
3.202908
3.250070
3.236006
3.164160
3.052121
2.927321
2.820316
2.757304
2.753712
2.810420
2.913544
3.037835
3.000000
3.000000
3.143467
3.251809
3.298499
3.272106
3.179092
3.042230
2.895029
2.773528
2.707476
2.713043
2.788868
2.916385
3.064374
3.196602
3.280695
3.296064
3.238946
3.123326
2.977511
2.837203
2.736752
2.700754
2.738022
2.839431
2.980153
3.125734
3.240531
3.296438
3.279766
3.194598
3.061785
2.913845
2.786999
2.712303
2.708045
2.775268
2.897513
3.044851
3.000000
3.000000
3.130782
3.229544
3.272106
3.248047
3.163257
3.038496
2.904310
2.793552
2.733340
2.738416
2.807536
2.923778
3.058682
3.179219
3.255876
3.269886
3.217819
3.112421
2.979500
2.851597
2.760028
2.727213
2.761186
2.853629
2.981908
3.114617
3.219264
3.270227
3.255029
3.177392
3.056322
2.921463
2.805833
2.737741
2.733860
2.795139
2.906575
3.040885
3.000000
3.000000
3.086077
3.151079
3.179092
3.163257
3.107451
3.025337
2.937020
2.864122
2.824493
2.827833
2.873326
2.949833
3.038623
3.117956
3.168410
3.177631
3.143362
3.073992
2.986507
2.902326
2.842058
2.820460
2.842820
2.903663
2.988092
3.075437
3.144313
3.177855
3.167853
3.116754
3.037070
2.948309
2.872205
2.827389
2.824835
2.865167
2.938510
3.026909
3.000000
3.000000
3.020297
3.035625
3.042230
3.038496
3.025337
3.005974
2.985149
2.967960
2.958615
2.959403
2.970130
2.988171
3.009107
3.027814
3.039711
3.041885
3.033805
3.017447
2.996818
2.976968
2.962757
2.957664
2.962937
2.977284
2.997192
3.017788
3.034029
3.041938
3.039580
3.027531
3.008741
2.987811
2.969866
2.959298
2.958696
2.968206
2.985501
3.006345
3.000000
3.000000
2.949548
2.911448
2.895029
2.904310
2.937020
2.985149
3.036915
3.079642
3.102870
3.100912
3.074248
3.029404
2.977362
2.930862
2.901290
2.895885
2.915971
2.956631
3.007909
3.057250
3.092575
3.105234
3.092128
3.056466
3.006979
2.955784
2.915414
2.895753
2.901616
2.931567
2.978272
3.030297
3.074905
3.101173
3.102670
3.079030
3.036041
2.984228
3.000000
3.000000
2.891151
2.808952
2.773528
2.793552
2.864122
2.967960
3.079642
3.171825
3.221939
3.217715
3.160186
3.063439
2.951159
2.850837
2.787036
2.775375
2.818711
2.906432
3.017062
3.123515
3.199727
3.227039
3.198763
3.121824
3.015058
2.904605
2.817508
2.775092
2.787741
2.852358
2.953123
3.065366
3.161604
3.218276
3.221507
3.170505
3.077757
2.965972
3.000000
3.000000
2.859404
2.753231
2.707476
2.733340
2.824493
2.958615
3.102870
3.221939
3.286670
3.281213
3.206906
3.081941
2.936914
2.807333
2.724923
2.709862
2.765836
2.879143
3.022039
3.159539
3.257979
3.293256
3.256734
3.157355
3.019449
2.876782
2.764283
2.709495
2.725834
2.809297
2.939452
3.084430
3.208737
3.281939
3.286111
3.220234
3.100436
2.956047
3.000000
3.000000
2.862080
2.757928
2.713043
2.738416
2.827833
2.959403
3.100912
3.217715
3.281213
3.275861
3.202968
3.080381
2.938115
2.811000
2.730159
2.715384
2.770293
2.881443
3.021619
3.156503
3.253068
3.287674
3.251848
3.154360
3.019079
2.879127
2.768769
2.715025
2.731052
2.812927
2.940604
3.082823
3.204764
3.276572
3.280665
3.216042
3.098524
2.956884
3.000000
3.000000
2.898524
2.821892
2.788868
2.807536
2.873326
2.970130
3.074248
3.160186
3.206906
3.202968
3.149336
3.059142
2.954467
2.860941
2.801461
2.790590
2.830991
2.912770
3.015907
3.115149
3.186198
3.211660
3.185300
3.113572
3.014038
2.911067
2.829869
2.790326
2.802118
2.862359
2.956299
3.060938
3.150658
3.203491
3.206503
3.158956
3.072490
2.968277
3.000000
3.000000
2.959812
2.929464
2.916385
2.923778
2.949833
2.988171
3.029404
3.063439
3.081941
3.080381
3.059142
3.023422
2.981968
2.944928
2.921372
2.917067
2.933067
2.965454
3.006300
3.045602
3.073740
3.083824
3.073384
3.044978
3.005559
2.964780
2.932623
2.916963
2.921633
2.945490
2.982693
3.024133
3.059665
3.080589
3.081782
3.062951
3.028708
2.987437
3.000000
3.000000
3.030940
3.054305
3.064374
3.058682
3.038623
3.009107
2.977362
2.951159
2.936914
2.938115
2.954467
2.981968
3.013883
3.042399
3.060535
3.063849
3.051531
3.026596
2.995150
2.964891
2.943228
2.935465
2.943502
2.965372
2.995720
3.027116
3.051873
3.063930
3.060334
3.041967
3.013325
2.981420
2.954064
2.937955
2.937037
2.951534
2.977898
3.009672
3.000000
3.000000
3.094493
3.165851
3.196602
3.179219
3.117956
3.027814
2.930862
2.850837
2.807333
2.811000
2.860941
2.944928
3.042399
3.129489
3.184876
3.194999
3.157379
3.081227
2.985188
2.892776
2.826616
2.802906
2.827452
2.894244
2.986928
3.082813
3.158423
3.195245
3.184264
3.128169
3.040694
2.943255
2.859710
2.810512
2.807708
2.851983
2.932498
3.029540
3.000000
3.000000
3.134910
3.236790
3.280695
3.255876
3.168410
3.039711
2.901290
2.787036
2.724923
2.730159
2.801461
2.921372
3.060535
3.184876
3.263953
3.278405
3.224694
3.115970
2.978852
2.846912
2.752454
2.718603
2.753648
2.849008
2.981337
3.118235
3.226185
3.278757
3.263079
3.182991
3.058100
2.918984
2.799704
2.729463
2.725459
2.788672
2.903626
3.042175
3.000000
3.000000
3.142297
3.249755
3.296064
3.269886
3.177631
3.041885
2.895885
2.775375
2.709862
2.715384
2.790590
2.917067
3.063849
3.194999
3.278405
3.293649
3.236997
3.122320
2.977695
2.838530
2.738900
2.703195
2.740159
2.840741
2.980315
3.124709
3.238569
3.294020
3.277484
3.193010
3.061281
2.914548
2.788737
2.714650
2.710427
2.777101
2.898349
3.044485
3.000000
3.000000
3.114845
3.201571
3.238946
3.217819
3.143362
3.033805
2.915971
2.818711
2.765836
2.770293
2.830991
2.933067
3.051531
3.157379
3.224694
3.236997
3.191275
3.098721
2.981998
2.869682
2.789272
2.760456
2.790289
2.871466
2.984113
3.100649
3.192543
3.237296
3.223950
3.155774
3.049458
2.931034
2.829495
2.769701
2.766293
2.820104
2.917960
3.035903
3.000000
3.000000
3.059274
3.104036
3.123326
3.112421
3.073992
3.017447
2.956631
2.906432
2.879143
2.881443
2.912770
2.965454
3.026596
3.081227
3.115970
3.122320
3.098721
3.050952
2.990709
2.932740
2.891238
2.876366
2.891763
2.933661
2.991800
3.051948
3.099376
3.122474
3.115586
3.080399
3.025527
2.964405
2.911998
2.881137
2.879378
2.907151
2.957657
3.018530
3.000000
3.000000
2.989191
2.981029
2.977511
2.979500
2.986507
2.996818
3.007909
3.017062
3.022039
3.021619
3.015907
3.006300
2.995150
2.985188
2.978852
2.977695
2.981998
2.990709
3.001694
3.012265
3.019833
3.022545
3.019737
3.012097
3.001495
2.990527
2.981878
2.977666
2.978922
2.985339
2.995345
3.006491
3.016047
3.021675
3.021996
3.016931
3.007721
2.996621
3.000000
3.000000
2.921755
2.862667
2.837203
2.851597
2.902326
2.976968
3.057250
3.123515
3.159539
3.156503
3.115149
3.045602
2.964891
2.892776
2.846912
2.838530
2.869682
2.932740
3.012265
3.088788
3.143572
3.163205
3.142879
3.087572
3.010824
2.931426
2.868817
2.838327
2.847419
2.893869
2.966303
3.046988
3.116168
3.156906
3.159228
3.122566
3.055895
2.975539
3.000000
3.000000
2.873475
2.777928
2.736752
2.760028
2.842058
2.962757
3.092575
3.199727
3.257979
3.253068
3.186198
3.073740
2.943228
2.826616
2.752454
2.738900
2.789272
2.891238
3.019833
3.143572
3.232159
3.263906
3.231039
3.141606
3.017503
2.889114
2.787874
2.738570
2.753273
2.828383
2.945511
3.075980
3.187846
3.253721
3.257476
3.198192
3.090384
2.960446
3.000000
3.000000
2.856174
2.747561
2.700754
2.727213
2.820460
2.957664
3.105234
3.227039
3.293256
3.287674
3.211660
3.083824
2.935465
2.802906
2.718603
2.703195
2.760456
2.876366
3.022545
3.163205
3.263906
3.299994
3.262633
3.160970
3.019896
2.873951
2.758867
2.702821
2.719534
2.804916
2.938060
3.086370
3.213534
3.288416
3.292685
3.225294
3.102743
2.955037
3.000000
3.000000
2.874086
2.779000
2.738022
2.761186
2.842820
2.962937
3.092128
3.198763
3.256734
3.251848
3.185300
3.073384
2.943502
2.827452
2.753648
2.740159
2.790289
2.891763
3.019737
3.142879
3.231039
3.262633
3.229925
3.140923
3.017418
2.889649
2.788898
2.739831
2.754463
2.829211
2.945774
3.075614
3.186940
3.252497
3.256234
3.197236
3.089948
2.960637
3.000000
3.000000
2.922826
2.864547
2.839431
2.853629
2.903663
2.977284
3.056466
3.121824
3.157355
3.154360
3.113572
3.044978
2.965372
2.894244
2.849008
2.840741
2.871466
2.933661
3.012097
3.087572
3.141606
3.160970
3.140923
3.086373
3.010676
2.932365
2.870613
2.840540
2.849508
2.895322
2.966765
3.046344
3.114577
3.154758
3.157048
3.120888
3.055130
2.975874
3.000000
3.000000
2.990461
2.983258
2.980153
2.981908
2.988092
2.997192
3.006979
3.015058
3.019449
3.019079
3.014038
3.005559
2.995720
2.986928
2.981337
2.980315
2.984113
2.991800
3.001495
3.010824
3.017503
3.019896
3.017418
3.010676
3.001320
2.991640
2.984007
2.980290
2.981399
2.987062
2.995892
3.005728
3.014162
3.019129
3.019412
3.014942
3.006814
2.997018
3.000000
3.000000
3.060432
3.106068
3.125734
3.114617
3.075437
3.017788
2.955784
2.904605
2.876782
2.879127
2.911067
2.964780
3.027116
3.082813
3.118235
3.124709
3.100649
3.051948
2.990527
2.931426
2.889114
2.873951
2.889649
2.932365
2.991640
3.052962
3.101317
3.124866
3.117844
3.081969
3.026025
2.963710
2.910279
2.878816
2.877022
2.905338
2.956830
3.018892
3.000000
3.000000
3.115606
3.202908
3.240531
3.219264
3.144313
3.034029
2.915414
2.817508
2.764283
2.768769
2.829869
2.932623
3.051873
3.158423
3.226185
3.238569
3.192543
3.099376
2.981878
2.868817
2.787874
2.758867
2.788898
2.870613
2.984007
3.101317
3.193821
3.238870
3.225436
3.156807
3.049787
2.930576
2.828363
2.768173
2.764742
2.818910
2.917416
3.036141
3.000000
3.000000
3.142477
3.250070
3.296438
3.270227
3.177855
3.041938
2.895753
2.775092
2.709495
2.715025
2.790326
2.916963
3.063930
3.195245
3.278757
3.294020
3.237296
3.122474
2.977666
2.838327
2.738570
2.702821
2.739831
2.840540
2.980290
3.124866
3.238870
3.294391
3.277834
3.193254
3.061358
2.914440
2.788470
2.714290
2.710061
2.776820
2.898221
3.044541
3.000000
3.000000
3.134464
3.236006
3.279766
3.255029
3.167853
3.039580
2.901616
2.787741
2.725834
2.731052
2.802118
2.921633
3.060334
3.184264
3.263079
3.277484
3.223950
3.115586
2.978922
2.847419
2.753273
2.719534
2.754463
2.849508
2.981399
3.117844
3.225436
3.277834
3.262209
3.182385
3.057908
2.919252
2.800367
2.730358
2.726368
2.789372
2.903945
3.042036
3.000000
3.000000
3.093529
3.164160
3.194598
3.177392
3.116754
3.027531
2.931567
2.852358
2.809297
2.812927
2.862359
2.945490
3.041967
3.128169
3.182991
3.193010
3.155774
3.080399
2.985339
2.893869
2.828383
2.804916
2.829211
2.895322
2.987062
3.081969
3.156807
3.193254
3.182385
3.126862
3.040279
2.943834
2.861140
2.812444
2.809669
2.853493
2.933187
3.029239
3.000000
3.000000
3.029696
3.052121
3.061785
3.056322
3.037070
3.008741
2.978272
2.953123
2.939452
2.940604
2.956299
2.982693
3.013325
3.040694
3.058100
3.061281
3.049458
3.025527
2.995345
2.966303
2.945511
2.938060
2.945774
2.966765
2.995892
3.026025
3.049787
3.061358
3.057908
3.040279
3.012789
2.982167
2.955912
2.940451
2.939569
2.953484
2.978787
3.009283
3.000000
3.000000
2.958592
2.927321
2.913845
2.921463
2.948309
2.987811
3.030297
3.065366
3.084430
3.082823
3.060938
3.024133
2.981420
2.943255
2.918984
2.914548
2.931034
2.964405
3.006491
3.046988
3.075980
3.086370
3.075614
3.046344
3.005728
2.963710
2.930576
2.914440
2.919252
2.943834
2.982167
3.024866
3.061478
3.083037
3.084266
3.064864
3.029580
2.987055
3.000000
3.000000
2.897626
2.820316
2.786999
2.805833
2.872205
2.969866
3.074905
3.161604
3.208737
3.204764
3.150658
3.059665
2.954064
2.859710
2.799704
2.788737
2.829495
2.911998
3.016047
3.116168
3.187846
3.213534
3.186940
3.114577
3.014162
2.910279
2.828363
2.788470
2.800367
2.861140
2.955912
3.061478
3.151992
3.205293
3.208331
3.160363
3.073132
2.967996
3.000000
3.000000
2.861724
2.757304
2.712303
2.737741
2.827389
2.959298
3.101173
3.218276
3.281939
3.276572
3.203491
3.080589
2.937955
2.810512
2.729463
2.714650
2.769701
2.881137
3.021675
3.156906
3.253721
3.288416
3.252497
3.154758
3.019129
2.878816
2.768173
2.714290
2.730358
2.812444
2.940451
3.083037
3.205293
3.277286
3.281389
3.216599
3.098778
2.956773
3.000000
3.000000
2.859678
2.753712
2.708045
2.733860
2.824835
2.958696
3.102670
3.221507
3.286111
3.280665
3.206503
3.081782
2.937037
2.807708
2.725459
2.710427
2.766293
2.879378
3.021996
3.159228
3.257476
3.292685
3.256234
3.157048
3.019412
2.877022
2.764742
2.710061
2.726368
2.809669
2.939569
3.084266
3.208331
3.281389
3.285554
3.219805
3.100240
2.956133
3.000000
3.000000
2.891987
2.810420
2.775268
2.795139
2.865167
2.968206
3.079030
3.170505
3.220234
3.216042
3.158956
3.062951
2.951534
2.851983
2.788672
2.777101
2.820104
2.907151
3.016931
3.122566
3.198192
3.225294
3.197236
3.120888
3.014942
2.905338
2.818910
2.776820
2.789372
2.853493
2.953484
3.064864
3.160363
3.216599
3.219805
3.169195
3.077160
2.966233
3.000000
3.000000
2.950742
2.913544
2.897513
2.906575
2.938510
2.985501
3.036041
3.077757
3.100436
3.098524
3.072490
3.028708
2.977898
2.932498
2.903626
2.898349
2.917960
2.957657
3.007721
3.055895
3.090384
3.102743
3.089948
3.055130
3.006814
2.956830
2.917416
2.898221
2.903945
2.933187
2.978787
3.029580
3.073132
3.098778
3.100240
3.077160
3.035188
2.984601
3.000000
3.000000
3.021556
3.037835
3.044851
3.040885
3.026909
3.006345
2.984228
2.965972
2.956047
2.956884
2.968277
2.987437
3.009672
3.029540
3.042175
3.044485
3.035903
3.018530
2.996621
2.975539
2.960446
2.955037
2.960637
2.975874
2.997018
3.018892
3.036141
3.044541
3.042036
3.029239
3.009283
2.987055
2.967996
2.956773
2.956133
2.966233
2.984601
3.006739
3.000000
3.000000
3.000000
3.000000
3.000000
3.000000
3.000000
3.000000
3.000000
3.000000
3.000000
3.000000
3.000000
3.000000
3.000000
3.000000
3.000000
3.000000
3.000000
3.000000
3.000000
3.000000
3.000000
3.000000
3.000000
3.000000
3.000000
3.000000
3.000000
3.000000
3.000000
3.000000
3.000000
3.000000
3.000000
3.000000
3.000000
3.000000
3.000000
3.000000
3.000000
