89.393471 39.277103 1.012331
89.394028 39.276665 1.014332
89.400139 39.273335 1.032758
89.401665 39.272499 1.036395
89.406250 39.270000 1.043000
89.410828 39.267498 1.047791
89.412354 39.266666 1.050722
89.417702 39.263332 1.071409
89.419998 39.261944 1.078456
89.423058 39.259998 1.083915
89.429169 39.256664 1.097006
89.435280 39.253334 1.101472
89.438332 39.251667 1.114994
89.441391 39.250000 1.128736
89.447495 39.246666 1.142122
89.453606 39.243332 1.150786
89.456665 39.241386 1.151671
89.458954 39.239998 1.163301
89.464302 39.236668 1.187346
89.465836 39.235832 1.190723
89.470421 39.233334 1.199000
89.474998 39.230831 1.202000
89.476524 39.230000 1.203831
89.481873 39.226665 1.224325
89.484161 39.225277 1.233525
89.487221 39.223331 1.240537
89.493332 39.220001 1.255000
89.499443 39.216667 1.261064
89.502502 39.215000 1.273687
89.505562 39.213333 1.285610
89.511665 39.209999 1.308003
89.517776 39.206665 1.318000
89.520828 39.204723 1.320414
89.523117 39.203335 1.329641
89.528465 39.200001 1.355157
89.529999 39.199165 1.359849
89.534584 39.196667 1.368849
89.539169 39.194164 1.376209
89.540695 39.193333 1.379139
89.546043 39.189999 1.391959
89.548332 39.188614 1.402583
89.551392 39.186668 1.418597
89.557495 39.183334 1.430000
89.563606 39.180000 1.445181
89.566666 39.178333 1.453192
89.569725 39.176666 1.461596
89.575836 39.173332 1.486487
89.581947 39.169998 1.499742
89.584999 39.168056 1.500593
89.587288 39.166668 1.505539
89.592636 39.163334 1.533193
89.594162 39.162498 1.538408
89.598747 39.160000 1.547596
89.603333 39.157497 1.562004
89.604858 39.156666 1.564000
89.610207 39.153332 1.571737
89.612503 39.151947 1.585710
89.615562 39.150002 1.605755
89.621666 39.146667 1.618835
89.627777 39.143333 1.631333
89.630829 39.141388 1.636605
89.633118 39.139999 1.644604
89.638466 39.136665 1.675230
89.639999 39.135834 1.679286
89.644585 39.133335 1.692093
89.649170 39.130833 1.696155
89.650696 39.130001 1.698220
89.656044 39.126667 1.715595
89.658333 39.125278 1.724262
89.661392 39.123333 1.733552
89.667496 39.119999 1.747000
89.672844 39.116669 1.753101
89.676666 39.114166 1.774218
89.678192 39.113335 1.783776
89.683540 39.110001 1.797673
89.685837 39.108612 1.808166
89.688896 39.106667 1.815676
89.694237 39.103333 1.825680
89.695000 39.102779 1.828999
89.699585 39.100002 1.853781
89.699997 39.099998 1.854697
>
89.420219 39.222122 1.185976
89.425346 39.220001 1.193758
89.429169 39.218334 1.204201
89.432991 39.216667 1.204201
89.438332 39.214443 1.222649
89.440620 39.213333 1.231502
89.447495 39.210278 1.248845
89.448257 39.209999 1.250907
89.455894 39.206665 1.262000
89.456665 39.206390 1.262000
89.463539 39.203335 1.275636
89.465836 39.202225 1.285626
89.470421 39.200001 1.302000
89.474998 39.198055 1.314202
89.478058 39.196667 1.323172
89.484161 39.193890 1.326599
89.485687 39.193333 1.327698
89.493332 39.189999 1.345405
89.500969 39.186668 1.369651
89.502502 39.186111 1.373404
89.508614 39.183334 1.385271
89.511665 39.181946 1.389473
89.516251 39.180000 1.394782
89.520828 39.178055 1.403228
89.523888 39.176666 1.419655
89.529999 39.173889 1.439464
89.531525 39.173332 1.441203
89.539169 39.169998 1.455006
89.546806 39.166668 1.459172
89.548332 39.166111 1.466192
89.554443 39.163334 1.494958
89.557495 39.161945 1.500859
89.562080 39.160000 1.512613
89.566666 39.158054 1.522000
89.569725 39.156666 1.522000
89.575836 39.153889 1.533812
89.577362 39.153332 1.539254
89.584999 39.150002 1.566594
89.592636 39.146667 1.589649
89.594162 39.146111 1.591521
89.600273 39.143333 1.596528
89.603333 39.141945 1.602403
89.607918 39.139999 1.615605
89.612503 39.138054 1.636023
89.615562 39.136665 1.648754
89.621666 39.133892 1.657927
89.623192 39.133335 1.661264
89.630829 39.130001 1.674532
89.638466 39.126667 1.699712
89.639999 39.126110 1.704795
89.646111 39.123333 1.719302
89.649170 39.121944 1.731486
89.653755 39.119999 1.738802
89.658333 39.118057 1.739000
89.661392 39.116669 1.740469
89.667496 39.113892 1.765933
89.669022 39.113335 1.769409
89.676666 39.110001 1.789749
89.684303 39.106667 1.804791
89.685837 39.106110 1.809209
89.691948 39.103333 1.825680
89.695000 39.101948 1.833990
89.699585 39.100002 1.853781
89.699997 39.099998 1.854697
>
89.885925 38.943295 3.053451
89.885971 38.943336 3.053088
89.881393 38.946667 3.082185
89.878334 38.948891 3.116254
89.876808 38.950001 3.156313
89.871460 38.953335 3.419271
89.869171 38.955280 3.448155
89.867638 38.956669 3.448155
89.863823 38.960003 3.338161
89.860001 38.963333 3.204709
89.856178 38.966667 3.132727
89.851593 38.970001 3.006026
89.850830 38.970833 2.972848
89.847778 38.973335 2.884144
89.843956 38.976669 2.935647
89.841667 38.978336 3.037293
89.839378 38.980000 3.088550
89.835564 38.983334 3.074114
89.832504 38.985558 3.153099
89.830971 38.986668 3.201066
89.827156 38.990002 3.222670
89.823334 38.993336 3.280700
89.819511 38.996666 3.171650
89.815689 39.000000 3.127220
89.814163 39.001389 3.136757
89.811111 39.003334 3.051901
89.806526 39.006668 3.019000
89.805000 39.007778 3.019000
89.801949 39.010002 2.995664
89.798126 39.013332 2.983654
89.795837 39.014999 2.990480
89.793541 39.016666 2.928680
89.788956 39.020000 2.752969
89.786667 39.021946 2.575199
89.785133 39.023335 2.464005
89.781319 39.026669 2.337801
89.777496 39.030003 2.321143
89.773682 39.033333 2.256895
89.769859 39.036667 2.115366
89.768333 39.038055 2.088635
89.766045 39.040001 2.062292
89.762993 39.043335 2.035077
89.759171 39.046669 2.031144
89.755348 39.049999 2.022851
89.751526 39.053333 2.010161
89.750000 39.054722 2.007000
89.747704 39.056667 2.009757
89.743889 39.060001 2.005997
89.740829 39.063335 1.991749
89.737015 39.066666 1.975298
89.733192 39.070000 1.970803
89.731667 39.071667 1.966006
89.730141 39.073334 1.960003
89.726326 39.076668 1.940505
89.722504 39.080002 1.921401
89.718681 39.083332 1.922759
89.714859 39.086666 1.910580
89.713333 39.088055 1.902123
89.711037 39.090000 1.886214
89.707222 39.093334 1.874427
89.704163 39.096111 1.873489
89.703400 39.096668 1.867460
89.699997 39.099998 1.854697
>
89.293503 39.285248 0.943322
89.297775 39.283333 0.947467
89.300827 39.281944 0.948599
89.305412 39.279999 0.952742
89.309998 39.277775 0.958219
89.312286 39.276665 0.963413
89.319168 39.273613 0.976992
89.319931 39.273335 0.977593
89.327568 39.270000 0.989234
89.328331 39.269722 0.989601
89.335205 39.266666 0.991802
89.337494 39.265556 1.000893
89.342079 39.263332 1.013207
89.346664 39.261387 1.022204
89.349724 39.259998 1.031418
89.355835 39.257221 1.037000
89.357361 39.256664 1.037000
89.364998 39.253334 1.046595
89.372635 39.250000 1.069161
89.374161 39.249443 1.072624
89.380272 39.246666 1.084604
89.383331 39.245277 1.087995
89.387917 39.243332 1.093202
89.392502 39.241108 1.097209
89.394791 39.239998 1.103604
89.401665 39.236946 1.129137
89.402428 39.236668 1.130609
89.410065 39.233334 1.144742
89.410828 39.233055 1.146390
89.417702 39.230000 1.156000
89.419998 39.228889 1.158463
89.424583 39.226665 1.173642
89.429169 39.224442 1.194655
89.431458 39.223331 1.197591
89.438332 39.220280 1.212399
89.439095 39.220001 1.212766
89.446732 39.216667 1.215513
89.447495 39.216389 1.218426
89.454369 39.213333 1.244810
89.456665 39.212223 1.251947
89.461250 39.209999 1.265573
89.465836 39.207775 1.272202
89.468124 39.206665 1.273000
89.474998 39.203613 1.280851
89.475761 39.203335 1.284511
89.483398 39.200001 1.313050
89.484161 39.199722 1.315671
89.491035 39.196667 1.335145
89.493332 39.195557 1.335000
89.497917 39.193333 1.337500
89.502502 39.191109 1.345959
89.504791 39.189999 1.354805
89.511665 39.186947 1.376755
89.512428 39.186668 1.378486
89.520065 39.183334 1.394000
89.520828 39.183056 1.397832
89.527702 39.180000 1.408882
89.529999 39.178890 1.410780
89.534584 39.176666 1.425976
89.539169 39.174442 1.443225
89.541458 39.173332 1.449926
89.548332 39.170277 1.461004
89.549095 39.169998 1.461919
89.556732 39.166668 1.472000
89.557495 39.166389 1.475153
89.564369 39.163334 1.501097
89.566666 39.162224 1.508923
89.571251 39.160000 1.517304
89.575836 39.157776 1.532007
89.578125 39.156666 1.534755
89.584999 39.153610 1.543549
89.585762 39.153332 1.547122
89.593399 39.150002 1.577000
89.594162 39.149723 1.579380
89.601036 39.146667 1.596648
89.603333 39.145557 1.602403
89.607918 39.143333 1.604000
89.612503 39.141109 1.613983
89.614792 39.139999 1.627704
89.621666 39.136665 1.648606
89.629303 39.133335 1.673000
89.630829 39.132500 1.674532
89.636177 39.130001 1.681370
89.639999 39.128334 1.691555
89.643822 39.126667 1.706515
89.649170 39.124165 1.724451
89.650696 39.123333 1.729536
89.658333 39.119999 1.739000
89.665207 39.116669 1.744901
89.667496 39.115559 1.755528
89.672081 39.113335 1.773973
89.676666 39.111111 1.786391
89.678955 39.110001 1.796562
89.685837 39.106667 1.809209
89.692711 39.103333 1.825680
89.695000 39.102226 1.832319
89.699585 39.100002 1.853781
89.699997 39.099998 1.854697
>
89.989578 39.283375 1.553875
89.989098 39.283333 1.553062
89.988335 39.282776 1.551597
89.984520 39.279999 1.545703
89.979172 39.276665 1.561485
89.973824 39.273335 1.559094
89.970001 39.270832 1.563000
89.968468 39.270000 1.563000
89.963120 39.266666 1.560445
89.960831 39.265278 1.565593
89.957779 39.263332 1.573209
89.952431 39.259998 1.585400
89.951668 39.259441 1.586455
89.947090 39.256664 1.585709
89.942505 39.253891 1.582451
89.941734 39.253334 1.585392
89.936394 39.250000 1.594203
89.933334 39.248055 1.598071
89.931038 39.246666 1.602405
89.925690 39.243332 1.604798
89.924164 39.242496 1.604871
89.920349 39.239998 1.618764
89.915001 39.236668 1.635474
89.909660 39.233334 1.648681
89.905838 39.230556 1.649000
89.905067 39.230000 1.649000
89.899727 39.226665 1.667275
89.896667 39.224442 1.678779
89.895134 39.223331 1.683003
89.889786 39.220001 1.694646
89.887497 39.218613 1.694097
89.884445 39.216667 1.680011
89.879097 39.213333 1.691207
89.878334 39.212776 1.692870
89.873756 39.209999 1.706096
89.869171 39.207222 1.730000
89.868401 39.206665 1.730000
89.863060 39.203335 1.739125
89.860001 39.201111 1.747430
89.858467 39.200001 1.754938
89.853119 39.196667 1.756434
89.850830 39.195278 1.742791
89.847778 39.193333 1.733203
89.842430 39.189999 1.737004
89.841667 39.189445 1.739659
89.837852 39.186668 1.739328
89.832504 39.183334 1.721000
89.827156 39.180000 1.719923
89.823334 39.177498 1.705260
89.821800 39.176666 1.700988
89.816452 39.173332 1.707596
89.814163 39.171944 1.705382
89.811111 39.169998 1.700667
89.805763 39.166668 1.690000
89.805000 39.166111 1.693821
89.801186 39.163334 1.693686
89.795837 39.160000 1.694108
89.790489 39.156666 1.690769
89.786667 39.153889 1.681098
89.785896 39.153332 1.683797
89.780556 39.150002 1.702000
89.777496 39.148056 1.709966
89.775208 39.146667 1.715066
89.769859 39.143333 1.720000
89.768333 39.142498 1.720000
89.764519 39.139999 1.733690
89.759171 39.136665 1.748767
89.753822 39.133335 1.760083
89.750000 39.130833 1.762613
89.748466 39.130001 1.762613
89.743118 39.126667 1.777195
89.740829 39.125278 1.785980
89.737778 39.123333 1.792668
89.732430 39.119999 1.801000
89.731667 39.119446 1.801000
89.727089 39.116669 1.796517
89.722504 39.113892 1.811109
89.721733 39.113335 1.814482
89.716393 39.110001 1.827090
89.713333 39.108055 1.833800
89.711037 39.106667 1.832593
89.705688 39.103333 1.840455
89.704163 39.102501 1.845855
89.700348 39.100002 1.855010
89.699997 39.099998 1.854697
>
89.753639 38.930019 3.207303
89.752289 38.933334 3.190121
89.751526 38.936668 3.086041
89.750000 38.940002 3.071622
89.748466 38.943336 3.071544
89.746941 38.946667 3.008219
89.745415 38.950001 2.841000
89.744652 38.953335 2.861810
89.743118 38.956669 2.869626
89.741592 38.960003 2.881006
89.740829 38.963333 2.867278
89.740067 38.966667 2.850616
89.739304 38.970001 2.852813
89.737778 38.973335 2.819530
89.737015 38.976669 2.792821
89.736252 38.980000 2.789293
89.735489 38.983334 2.795520
89.734726 38.986668 2.803086
89.733955 38.990002 2.774509
89.733192 38.993336 2.750000
89.732430 38.996666 2.740218
89.731667 39.000000 2.703474
89.730904 39.003334 2.621036
89.730141 39.006668 2.598000
89.729378 39.010002 2.567586
89.728615 39.013332 2.487439
89.727089 39.016666 2.284984
89.726326 39.020000 2.295617
89.724792 39.023335 2.238193
89.723267 39.026669 2.150172
89.722504 39.030003 2.095604
89.721733 39.033333 2.096783
89.720970 39.036667 2.082549
89.719444 39.040001 2.062604
89.718681 39.043335 2.053000
89.717155 39.046669 2.050193
89.716393 39.049999 2.040537
89.715622 39.053333 2.017201
89.714096 39.056667 2.007914
89.713333 39.060001 2.001316
89.712563 39.063335 1.986237
89.711800 39.066666 1.963280
89.710274 39.070000 1.959980
89.709511 39.073334 1.947972
89.708748 39.076668 1.929547
89.707222 39.080002 1.915502
89.705688 39.083332 1.917256
89.704926 39.086666 1.906030
89.704163 39.090000 1.885251
89.702637 39.093334 1.869535
89.701111 39.096668 1.865262
89.699997 39.099998 1.854697
>
89.269104 39.257504 0.986000
89.271797 39.256664 0.987628
89.273331 39.256111 0.990205
89.280968 39.253334 0.999593
89.282501 39.252777 1.002000
89.290138 39.250000 1.020901
89.291664 39.249443 1.023337
89.299301 39.246666 1.031670
89.300827 39.246109 1.033727
89.308464 39.243332 1.036949
89.309998 39.242775 1.036949
89.317635 39.239998 1.046804
89.319168 39.239445 1.049725
89.326805 39.236668 1.070444
89.328331 39.236111 1.073601
89.335968 39.233334 1.086802
89.337494 39.232777 1.090995
89.345131 39.230000 1.093000
89.346664 39.229443 1.094397
89.354301 39.226665 1.118627
89.355835 39.226109 1.121435
89.363472 39.223331 1.135877
89.364998 39.222778 1.140136
89.372635 39.220001 1.149729
89.374161 39.219444 1.151194
89.381798 39.216667 1.160000
89.383331 39.216110 1.162941
89.390968 39.213333 1.185208
89.392502 39.212776 1.188550
89.400139 39.209999 1.203468
89.401665 39.209442 1.206906
89.409302 39.206665 1.213861
89.410828 39.206112 1.216791
89.418465 39.203335 1.228991
89.419998 39.202778 1.232333
89.427635 39.200001 1.258070
89.429169 39.199444 1.266074
89.436806 39.196667 1.276598
89.438332 39.196110 1.280194
89.445969 39.193333 1.286297
89.447495 39.192776 1.289593
89.455132 39.189999 1.308005
89.456665 39.189445 1.311324
89.464302 39.186668 1.338643
89.465836 39.186111 1.342269
89.473473 39.183334 1.355169
89.474998 39.182777 1.358243
89.482635 39.180000 1.366250
89.484161 39.179443 1.366849
89.491798 39.176666 1.390595
89.493332 39.176109 1.394072
89.500969 39.173332 1.411370
89.502502 39.172775 1.415960
89.510139 39.169998 1.427604
89.511665 39.169445 1.429802
89.519302 39.166668 1.434000
89.520828 39.166111 1.441693
89.527702 39.163334 1.466835
89.529999 39.162498 1.473348
89.536873 39.160000 1.485327
89.539169 39.159164 1.493177
89.546043 39.156666 1.503103
89.548332 39.155830 1.504202
89.555206 39.153332 1.518816
89.557495 39.152500 1.524605
89.564369 39.150002 1.548692
89.566666 39.149166 1.556430
89.573540 39.146667 1.569332
89.575836 39.145832 1.575247
89.582710 39.143333 1.579888
89.584999 39.142498 1.580593
89.591873 39.139999 1.602605
89.594162 39.139164 1.608421
89.601036 39.136665 1.630051
89.603333 39.135834 1.637726
89.610207 39.133335 1.650352
89.612503 39.132500 1.656554
89.619377 39.130001 1.660519
89.621666 39.129166 1.661319
89.627777 39.126667 1.686462
89.630829 39.125557 1.696390
89.636177 39.123333 1.711878
89.639999 39.121944 1.721672
89.644585 39.119999 1.730163
89.649170 39.118336 1.735004
89.653755 39.116669 1.738802
89.658333 39.115002 1.751397
89.662918 39.113335 1.764009
89.667496 39.111668 1.775595
89.672081 39.110001 1.785261
89.676666 39.108334 1.794791
89.681252 39.106667 1.802000
89.685837 39.105000 1.809209
89.690422 39.103333 1.823826
89.695000 39.101669 1.835661
89.699585 39.100002 1.853781
89.699997 39.099998 1.854697
>
89.260994 39.251492 0.991648
89.264160 39.250278 1.000021
89.264923 39.250000 1.001747
89.273331 39.246944 1.014115
89.274094 39.246666 1.016301
89.282501 39.243889 1.023937
89.284027 39.243332 1.024938
89.291664 39.240829 1.036011
89.293953 39.239998 1.040004
89.300827 39.237778 1.052876
89.303886 39.236668 1.057117
89.309998 39.234722 1.063398
89.313820 39.233334 1.070267
89.319168 39.231667 1.073000
89.324516 39.230000 1.079192
89.328331 39.228611 1.086441
89.334442 39.226665 1.099254
89.337494 39.225555 1.111107
89.344368 39.223331 1.119402
89.346664 39.222500 1.122796
89.354301 39.220001 1.136000
89.355835 39.219444 1.136000
89.364235 39.216667 1.143341
89.364998 39.216389 1.146183
89.374161 39.213333 1.168641
89.383331 39.209999 1.189090
89.392502 39.206665 1.202000
89.401665 39.203335 1.213788
89.410828 39.200001 1.240791
89.419998 39.196945 1.258946
89.420761 39.196667 1.259748
89.429169 39.193611 1.275331
89.429932 39.193333 1.275331
89.438332 39.190556 1.286846
89.439857 39.189999 1.292827
89.447495 39.187500 1.313993
89.449783 39.186668 1.321893
89.456665 39.184444 1.332536
89.459724 39.183334 1.341799
89.465836 39.181389 1.352039
89.469658 39.180000 1.353238
89.474998 39.178333 1.361991
89.480347 39.176666 1.379995
89.484161 39.175278 1.389114
89.489510 39.173332 1.405150
89.493332 39.171944 1.410536
89.499443 39.169998 1.417465
89.502502 39.168892 1.422205
89.509377 39.166668 1.426506
89.511665 39.165833 1.436526
89.518539 39.163334 1.457723
89.520828 39.162498 1.466019
89.528465 39.160000 1.479555
89.529999 39.159443 1.482269
89.538399 39.156666 1.493593
89.539169 39.156387 1.495813
89.548332 39.153332 1.509818
89.557495 39.150280 1.540061
89.558258 39.150002 1.541927
89.566666 39.147224 1.563421
89.568192 39.146667 1.565427
89.575836 39.143890 1.573806
89.577362 39.143333 1.575271
89.584999 39.140556 1.588642
89.586525 39.139999 1.595683
89.594162 39.137222 1.621003
89.595688 39.136665 1.623008
89.603333 39.134167 1.644049
89.605621 39.133335 1.649000
89.612503 39.130833 1.656554
89.614792 39.130001 1.660404
89.621666 39.127777 1.669799
89.624725 39.126667 1.680731
89.630829 39.124722 1.701003
89.634651 39.123333 1.708728
89.639999 39.121387 1.723544
89.643822 39.119999 1.730163
89.649170 39.118057 1.735004
89.652992 39.116669 1.738436
89.658333 39.114723 1.753202
89.662155 39.113335 1.763305
89.667496 39.111389 1.776464
89.671318 39.110001 1.784528
89.676666 39.108055 1.794791
89.680489 39.106667 1.802000
89.685837 39.104721 1.809209
89.689659 39.103333 1.822689
89.695000 39.101669 1.835661
89.699585 39.100002 1.853781
89.699997 39.099998 1.854697
>
89.623985 39.265930 1.247710
89.624725 39.263332 1.265934
89.626251 39.259998 1.280735
89.627777 39.256664 1.285667
89.629303 39.253334 1.292390
89.630829 39.250000 1.314000
89.632355 39.246666 1.324405
89.633888 39.243332 1.328483
89.635414 39.239998 1.337805
89.636940 39.236668 1.356114
89.638466 39.233334 1.367698
89.639999 39.230000 1.368802
89.641525 39.226665 1.386814
89.643059 39.223331 1.403769
89.644585 39.220001 1.411581
89.646111 39.216667 1.409396
89.647636 39.213333 1.432403
89.649170 39.209999 1.448930
89.650696 39.206665 1.454667
89.652229 39.203335 1.461529
89.653755 39.200001 1.484604
89.655281 39.196667 1.497565
89.656807 39.193333 1.499000
89.658333 39.189999 1.510205
89.659859 39.186668 1.531626
89.661392 39.183334 1.544672
89.662918 39.180000 1.548222
89.664444 39.176666 1.565892
89.665970 39.173332 1.585536
89.667496 39.169998 1.595000
89.669022 39.166668 1.595000
89.670555 39.163334 1.618071
89.672081 39.160000 1.634705
89.673607 39.156666 1.641663
89.675133 39.153332 1.645689
89.676666 39.150002 1.670194
89.678192 39.146667 1.684874
89.679726 39.143333 1.688000
89.681252 39.139999 1.698805
89.682777 39.136665 1.717407
89.684303 39.133335 1.727931
89.685837 39.130001 1.730987
89.687363 39.126667 1.746463
89.688896 39.123333 1.764884
89.690422 39.119999 1.775612
89.691948 39.116669 1.778000
89.693474 39.113335 1.801238
89.695000 39.110001 1.813398
89.696526 39.106667 1.820167
89.698059 39.103333 1.829641
89.699585 39.100002 1.853781
89.699997 39.099998 1.854697
>
89.408112 39.142139 1.397000
89.410828 39.141666 1.401192
89.419998 39.140278 1.416333
89.422287 39.139999 1.418905
89.429169 39.139164 1.433639
89.438332 39.137775 1.446000
89.447495 39.136665 1.465118
89.456665 39.135281 1.481929
89.465836 39.133892 1.499118
89.470421 39.133335 1.502000
89.474998 39.132778 1.508380
89.484161 39.131390 1.517387
89.493332 39.130001 1.534404
89.502502 39.128613 1.547204
89.511665 39.127499 1.565329
89.517014 39.126667 1.578195
89.520828 39.126110 1.584702
89.529999 39.124722 1.603003
89.539169 39.123333 1.615373
89.548332 39.122223 1.628004
89.557495 39.120831 1.644014
89.562843 39.119999 1.650824
89.566666 39.119446 1.660000
89.575836 39.118057 1.667008
89.584999 39.116669 1.674194
89.594162 39.115280 1.695206
89.603333 39.114166 1.715178
89.608681 39.113335 1.723834
89.612503 39.112778 1.734494
89.621666 39.111389 1.742396
89.630829 39.110001 1.756197
89.639999 39.108612 1.768773
89.649170 39.107224 1.775802
89.653755 39.106667 1.779703
89.658333 39.106110 1.780000
89.667496 39.104721 1.786000
89.676666 39.103333 1.801449
89.685837 39.101948 1.822269
89.695000 39.100559 1.842323
89.699585 39.100002 1.853781
89.699997 39.099998 1.854697
>
89.305519 38.936890 2.443232
89.309998 38.938892 2.599648
89.313057 38.940002 2.720581
89.319168 38.943058 2.724000
89.319931 38.943336 2.724000
89.328331 38.946667 2.971229
89.335968 38.950001 3.151249
89.337494 38.950558 3.136368
89.346664 38.953056 2.826894
89.347427 38.953335 2.808448
89.355835 38.956669 2.872629
89.364998 38.960003 2.727570
89.374161 38.963333 2.477684
89.383331 38.966667 2.206000
89.391731 38.970001 2.135000
89.392502 38.970280 2.135000
89.399376 38.973335 2.168013
89.401665 38.974167 2.160075
89.407776 38.976669 2.108984
89.410828 38.977779 2.080209
89.416176 38.980000 2.047297
89.419998 38.981667 2.048000
89.423820 38.983334 2.047282
89.429169 38.985558 2.046191
89.431458 38.986668 2.037915
89.438332 38.989723 2.026461
89.439095 38.990002 2.028071
89.446732 38.993336 2.026000
89.447495 38.993614 2.026000
89.454369 38.996666 2.027408
89.456665 38.997498 2.022817
89.462776 39.000000 2.019111
89.465836 39.001389 2.007385
89.470421 39.003334 1.987635
89.474998 39.005280 1.982000
89.478058 39.006668 1.987141
89.484161 39.009445 1.983737
89.485687 39.010002 1.981894
89.493332 39.013332 1.963815
89.500969 39.016666 1.935236
89.502502 39.017223 1.935973
89.508614 39.020000 1.937043
89.511665 39.021389 1.936130
89.516251 39.023335 1.927120
89.520828 39.025280 1.921172
89.523888 39.026669 1.911689
89.529999 39.029446 1.905000
89.531525 39.030003 1.905000
89.539169 39.033333 1.927588
89.546806 39.036667 1.934600
89.548332 39.037224 1.937155
89.555206 39.040001 1.941806
89.557495 39.040833 1.935418
89.563606 39.043335 1.938859
89.566666 39.044724 1.944000
89.571251 39.046669 1.941758
89.575836 39.048615 1.942924
89.578896 39.049999 1.942457
89.584999 39.052498 1.926460
89.587288 39.053333 1.925630
89.594162 39.056389 1.923000
89.594925 39.056667 1.923000
89.602562 39.060001 1.927351
89.603333 39.060280 1.928064
89.610207 39.063335 1.916745
89.612503 39.064167 1.916312
89.618614 39.066666 1.902741
89.621666 39.068054 1.903340
89.626251 39.070000 1.907247
89.630829 39.071945 1.904470
89.633888 39.073334 1.899338
89.639999 39.075832 1.891414
89.642288 39.076668 1.889649
89.649170 39.079445 1.870201
89.650696 39.080002 1.871000
89.658333 39.083057 1.871000
89.659096 39.083332 1.873080
89.667496 39.086666 1.857705
89.675896 39.090000 1.840047
89.676666 39.090279 1.840525
89.684303 39.093334 1.840628
89.685837 39.093891 1.843205
89.692711 39.096668 1.853593
89.695000 39.097778 1.850396
89.699997 39.099998 1.854697
>
89.800735 39.135410 1.762894
89.795837 39.133614 1.761431
89.795067 39.133335 1.759000
89.786667 39.130280 1.751803
89.785896 39.130001 1.751988
89.777496 39.126945 1.764807
89.776733 39.126667 1.766915
89.768333 39.123890 1.786198
89.766808 39.123333 1.787802
89.759171 39.120556 1.799597
89.757637 39.119999 1.800000
89.750000 39.117226 1.801000
89.748466 39.116669 1.801368
89.740829 39.114166 1.819789
89.738541 39.113335 1.825110
89.731667 39.110832 1.833603
89.729378 39.110001 1.836398
89.722504 39.107498 1.833802
89.720207 39.106667 1.833000
89.713333 39.104443 1.833800
89.710274 39.103333 1.839046
89.704163 39.101391 1.853064
89.700348 39.100002 1.855010
89.699997 39.099998 1.854697
>
90.050186 39.218769 1.817879
90.044098 39.216667 1.811000
90.043335 39.216389 1.813206
90.034164 39.213333 1.828051
90.025002 39.210278 1.834746
90.024239 39.209999 1.834600
90.015839 39.207222 1.834998
90.014305 39.206665 1.836839
90.006668 39.204166 1.837000
90.004372 39.203335 1.844187
89.997498 39.201111 1.836250
89.994446 39.200001 1.830000
89.988335 39.198055 1.825304
89.984520 39.196667 1.819269
89.979172 39.195000 1.820328
89.973824 39.193333 1.797308
89.970001 39.191944 1.793000
89.963890 39.189999 1.799138
89.960831 39.188892 1.800497
89.953957 39.186668 1.808820
89.951668 39.185833 1.810321
89.944031 39.183334 1.828000
89.942505 39.182777 1.829674
89.934097 39.180000 1.843137
89.933334 39.179722 1.843687
89.924164 39.176666 1.856196
89.915001 39.173611 1.867612
89.914238 39.173332 1.864866
89.905838 39.170277 1.830000
89.905067 39.169998 1.830000
89.896667 39.167225 1.845608
89.895134 39.166668 1.850000
89.887497 39.164165 1.871733
89.885208 39.163334 1.862152
89.878334 39.160831 1.850647
89.876045 39.160000 1.845259
89.869171 39.157776 1.836000
89.866112 39.156666 1.834128
89.860001 39.154720 1.817194
89.856178 39.153332 1.821542
89.850830 39.151669 1.814591
89.845490 39.150002 1.811000
89.841667 39.148613 1.815992
89.835564 39.146667 1.803845
89.832504 39.145557 1.795000
89.825623 39.143333 1.790623
89.823334 39.142498 1.779612
89.816452 39.139999 1.777604
89.814163 39.139164 1.773365
89.806526 39.136665 1.770407
89.805000 39.136112 1.772000
89.796600 39.133335 1.763517
89.795837 39.133057 1.763848
89.786667 39.130001 1.751803
89.777496 39.126945 1.764807
89.776733 39.126667 1.766915
89.768333 39.123890 1.786198
89.766808 39.123333 1.787802
89.759171 39.120556 1.799597
89.757637 39.119999 1.800000
89.750000 39.117226 1.801000
89.748466 39.116669 1.801368
89.740829 39.114166 1.819789
89.738541 39.113335 1.825110
89.731667 39.110832 1.833603
89.729378 39.110001 1.836398
89.722504 39.107498 1.833802
89.720207 39.106667 1.833000
89.713333 39.104443 1.833800
89.710274 39.103333 1.839046
89.704163 39.101391 1.853064
89.700348 39.100002 1.855010
89.699997 39.099998 1.854697
>
89.614334 38.951859 2.510213
89.615562 38.953335 2.452724
89.617088 38.956669 2.416211
89.618614 38.960003 2.400394
89.620903 38.963333 2.378649
89.621666 38.965000 2.378395
89.622429 38.966667 2.375211
89.623955 38.970001 2.379240
89.625488 38.973335 2.374095
89.627777 38.976669 2.355790
89.629303 38.980000 2.328000
89.630829 38.983334 2.328000
89.633118 38.986668 2.307190
89.634651 38.990002 2.275497
89.636940 38.993336 2.259064
89.639229 38.996666 2.251567
89.639999 38.997776 2.243924
89.641525 39.000000 2.230403
89.643822 39.003334 2.199646
89.646111 39.006668 2.183945
89.648399 39.010002 2.167150
89.649170 39.011669 2.156187
89.649933 39.013332 2.141921
89.652229 39.016666 2.118077
89.654518 39.020000 2.119940
89.656807 39.023335 2.109003
89.658333 39.025558 2.098187
89.659096 39.026669 2.089253
89.661392 39.030003 2.069203
89.662918 39.033333 2.071190
89.665207 39.036667 2.053734
89.667496 39.040001 2.025007
89.669022 39.043335 2.011000
89.670555 39.046669 2.007792
89.672081 39.049999 1.999282
89.673607 39.053333 1.971888
89.675896 39.056667 1.957500
89.676666 39.057777 1.956205
89.678192 39.060001 1.948157
89.679726 39.063335 1.933786
89.681252 39.066666 1.914752
89.682777 39.070000 1.914752
89.684303 39.073334 1.908459
89.685837 39.076668 1.897123
89.688126 39.080002 1.884953
89.689659 39.083332 1.891469
89.691185 39.086666 1.885214
89.693474 39.090000 1.866405
89.695000 39.092224 1.856000
89.695763 39.093334 1.855819
89.698059 39.096668 1.859262
89.699997 39.099998 1.854697
>
89.649460 39.285507 1.231300
89.649933 39.283333 1.238918
89.650696 39.279999 1.239833
89.651459 39.276665 1.255312
89.652229 39.273335 1.268972
89.653755 39.270000 1.277604
89.654518 39.266666 1.278000
89.655281 39.263332 1.294007
89.656044 39.259998 1.305196
89.656807 39.256664 1.308000
89.657570 39.253334 1.312392
89.658333 39.251667 1.321196
89.659096 39.250000 1.330733
89.659859 39.246666 1.341070
89.660622 39.243332 1.345429
89.661392 39.239998 1.355343
89.662155 39.236668 1.374266
89.662918 39.233334 1.385705
89.664444 39.230000 1.388269
89.665970 39.226665 1.407826
89.667496 39.223331 1.423603
89.669022 39.220001 1.432000
89.669785 39.216667 1.432000
89.670555 39.213333 1.452810
89.672081 39.209999 1.471034
89.672844 39.206665 1.475628
89.673607 39.203335 1.481561
89.675133 39.200001 1.501280
89.675896 39.196667 1.514710
89.676666 39.193333 1.517594
89.678192 39.189999 1.531483
89.678955 39.186668 1.551446
89.679726 39.183334 1.563000
89.681252 39.180000 1.564431
89.682014 39.176666 1.579795
89.682777 39.173332 1.597403
89.683540 39.169998 1.607346
89.684303 39.166668 1.608628
89.685066 39.163334 1.633462
89.685837 39.160000 1.647002
89.686600 39.156666 1.653703
89.687363 39.153332 1.660211
89.688126 39.150002 1.682451
89.688896 39.146667 1.695752
89.689659 39.143333 1.697555
89.690422 39.139999 1.708509
89.691185 39.136665 1.727346
89.691948 39.133335 1.739000
89.692711 39.130001 1.740593
89.693474 39.126667 1.754595
89.694237 39.123333 1.770203
89.695000 39.119999 1.778000
89.695763 39.116669 1.777868
89.696526 39.113335 1.802439
89.697289 39.110001 1.815846
89.698059 39.106667 1.822744
89.698822 39.103333 1.830998
89.699585 39.100002 1.853781
89.699997 39.099998 1.854697
>
90.019928 39.100670 2.314032
90.015839 39.100559 2.311493
90.006668 39.100281 2.234863
89.997498 39.100281 2.206961
89.988335 39.100281 2.237139
89.979172 39.100281 2.232307
89.970001 39.100281 2.189769
89.960831 39.100281 2.194132
89.951668 39.100281 2.171784
89.942505 39.100281 2.158402
89.933334 39.100281 2.140182
89.924164 39.100281 2.125598
89.915001 39.100281 2.111936
89.905838 39.100281 2.090814
89.896667 39.100281 2.069681
89.887497 39.100281 2.062420
89.878334 39.100281 2.038781
89.869171 39.100281 2.013676
89.860001 39.100281 1.992539
89.850830 39.100281 1.974895
89.841667 39.100281 1.962358
89.832504 39.100281 1.942408
89.823334 39.100281 1.926651
89.814163 39.100281 1.903690
89.805000 39.100281 1.887696
89.795837 39.100281 1.870041
89.786667 39.100281 1.853975
89.777496 39.100281 1.850987
89.768333 39.100281 1.858007
89.759171 39.100281 1.865885
89.750000 39.100281 1.869883
89.740829 39.100281 1.870816
89.731667 39.100281 1.867949
89.722504 39.100281 1.861610
89.713333 39.100281 1.861608
89.704163 39.100002 1.862080
89.699997 39.099998 1.854697
>
89.494637 39.125660 1.554039
89.502502 39.124722 1.572780
89.511665 39.123611 1.586671
89.513954 39.123333 1.591352
89.520828 39.122498 1.600336
89.529999 39.121387 1.615008
89.539169 39.119999 1.624011
89.548332 39.118893 1.633004
89.557495 39.117779 1.644000
89.566666 39.116669 1.660000
89.575836 39.115559 1.677648
89.584999 39.114445 1.694626
89.594162 39.113335 1.712953
89.603333 39.112225 1.728789
89.612503 39.111111 1.741192
89.621666 39.110001 1.748396
89.630829 39.108891 1.760727
89.639999 39.107777 1.769802
89.649170 39.106667 1.775802
89.658333 39.105278 1.780000
89.667496 39.103889 1.789307
89.672081 39.103333 1.797135
89.676666 39.102779 1.804768
89.685837 39.101669 1.823699
89.695000 39.100559 1.842323
89.699585 39.100002 1.853781
89.699997 39.099998 1.854697
>
89.725288 39.205166 1.509487
89.724792 39.203335 1.514092
89.724030 39.200001 1.534535
89.723267 39.196667 1.546446
89.722504 39.193333 1.547203
89.721733 39.189999 1.557854
89.720970 39.186668 1.577486
89.720207 39.183334 1.591000
89.719444 39.180000 1.592457
89.718681 39.176666 1.607195
89.717918 39.173332 1.623202
89.717155 39.169998 1.631000
89.716393 39.166668 1.630868
89.715622 39.163334 1.654000
89.714096 39.160000 1.663588
89.713333 39.156666 1.667198
89.712563 39.153332 1.671105
89.711800 39.150002 1.691337
89.711037 39.146667 1.704695
89.710274 39.143333 1.706000
89.709511 39.139999 1.716805
89.708748 39.136665 1.735969
89.707985 39.133335 1.751202
89.707222 39.130001 1.752805
89.706451 39.126667 1.767426
89.705688 39.123333 1.783864
89.704926 39.119999 1.792277
89.704163 39.116669 1.792277
89.703400 39.113335 1.811552
89.702637 39.110001 1.822932
89.701874 39.106667 1.827802
89.701111 39.103333 1.834158
89.700348 39.100002 1.855010
89.699997 39.099998 1.854697
>
89.621773 39.031197 2.059676
89.623955 39.033333 2.063135
89.627777 39.036667 2.052818
89.630829 39.039444 2.031754
89.631592 39.040001 2.026807
89.635414 39.043335 2.013000
89.639229 39.046669 2.012254
89.639999 39.047226 2.010721
89.643059 39.049999 2.006501
89.646873 39.053333 1.975520
89.649170 39.055279 1.967000
89.650696 39.056667 1.967333
89.654518 39.060001 1.962597
89.658333 39.063335 1.946382
89.662155 39.066666 1.922677
89.665970 39.070000 1.916087
89.667496 39.071388 1.910875
89.669785 39.073334 1.903403
89.673607 39.076668 1.887115
89.676666 39.079445 1.869993
89.677429 39.080002 1.871824
89.681252 39.083332 1.877718
89.685066 39.086666 1.871027
89.685837 39.087223 1.870718
89.688896 39.090000 1.859491
89.692711 39.093334 1.856000
89.695000 39.095280 1.856000
89.696526 39.096668 1.855360
89.699997 39.099998 1.854697
>
89.586975 39.044739 1.964989
89.591110 39.046669 1.968682
89.594162 39.048336 1.962788
89.597221 39.049999 1.959793
89.603333 39.053333 1.944595
89.610207 39.056667 1.940253
89.612503 39.057777 1.946573
89.617088 39.060001 1.944197
89.621666 39.062225 1.935720
89.623955 39.063335 1.929629
89.630829 39.066666 1.910748
89.637703 39.070000 1.914900
89.639999 39.071110 1.913682
89.644585 39.073334 1.909294
89.649170 39.075558 1.897230
89.651459 39.076668 1.889804
89.658333 39.080002 1.871000
89.665207 39.083332 1.871461
89.667496 39.084442 1.865713
89.672081 39.086666 1.860747
89.676666 39.088890 1.848658
89.678955 39.090000 1.848420
89.685837 39.093334 1.843205
89.692711 39.096668 1.853593
89.695000 39.097778 1.850396
89.699997 39.099998 1.854697
>
89.359428 38.944950 3.063648
89.363472 38.946667 2.894141
89.364998 38.947224 2.815965
89.374161 38.950001 2.736579
89.383331 38.952778 2.706333
89.384857 38.953335 2.697734
89.392502 38.956669 2.480270
89.401665 38.960003 2.252632
89.409302 38.963333 2.235249
89.410828 38.964165 2.244971
89.416176 38.966667 2.184945
89.419998 38.968334 2.186000
89.423820 38.970001 2.185282
89.429169 38.972500 2.164941
89.430695 38.973335 2.157909
89.438332 38.976669 2.082030
89.445206 38.980000 2.061000
89.447495 38.981110 2.073777
89.452080 38.983334 2.096500
89.456665 38.985558 2.087187
89.458954 38.986668 2.085624
89.465836 38.990002 2.062361
89.472710 38.993336 2.045802
89.474998 38.994446 2.048000
89.479584 38.996666 2.051608
89.484161 38.998890 2.040262
89.486450 39.000000 2.037362
89.493332 39.003056 2.006591
89.494095 39.003334 2.003649
89.501732 39.006668 1.993584
89.502502 39.006947 1.993400
89.509377 39.010002 1.984997
89.511665 39.011112 1.979667
89.516251 39.013332 1.965852
89.520828 39.015556 1.950159
89.523117 39.016666 1.941225
89.529999 39.019722 1.939775
89.530762 39.020000 1.939775
89.538399 39.023335 1.945134
89.539169 39.023613 1.949295
89.546043 39.026669 1.953411
89.548332 39.027779 1.953876
89.552917 39.030003 1.970006
89.557495 39.032227 1.973000
89.559784 39.033333 1.981076
89.566666 39.036667 1.986223
89.573540 39.040001 1.964268
89.575836 39.041111 1.959245
89.580421 39.043335 1.961586
89.584999 39.045559 1.961194
89.587288 39.046669 1.962371
89.594162 39.049999 1.957791
89.601036 39.053333 1.939077
89.603333 39.054443 1.936004
89.607918 39.056667 1.938000
89.612503 39.058891 1.944296
89.614792 39.060001 1.944154
89.621666 39.063335 1.927981
89.628540 39.066666 1.909997
89.630829 39.067776 1.910748
89.635414 39.070000 1.912750
89.639999 39.072224 1.909136
89.642288 39.073334 1.909294
89.649170 39.076668 1.888916
89.656044 39.080002 1.871000
89.658333 39.081112 1.871000
89.662918 39.083332 1.874211
89.667496 39.085278 1.862705
89.670555 39.086666 1.857705
89.676666 39.089443 1.845418
89.678192 39.090000 1.846332
89.685837 39.093334 1.843205
89.692711 39.096668 1.853593
89.695000 39.097778 1.850396
89.699997 39.099998 1.854697
>
89.212730 39.094460 1.421883
89.218330 39.094444 1.424000
89.227493 39.094723 1.427401
89.236664 39.095001 1.429401
89.245834 39.095280 1.440639
89.254997 39.095558 1.442000
89.264160 39.095833 1.446799
89.273331 39.096111 1.448266
89.282501 39.096390 1.448128
89.291664 39.096668 1.445393
89.300827 39.096947 1.444909
89.309998 39.097225 1.446921
89.319168 39.097500 1.450397
89.328331 39.097778 1.454533
89.337494 39.098057 1.463735
89.346664 39.098335 1.467107
89.355835 39.098614 1.481989
89.364998 39.098892 1.492178
89.374161 39.099167 1.502663
89.383331 39.099167 1.510795
89.392502 39.099445 1.522992
89.401665 39.099724 1.534586
89.410828 39.100002 1.542776
89.419998 39.100002 1.549392
89.429169 39.100002 1.563260
89.438332 39.100002 1.569406
89.447495 39.100002 1.576213
89.456665 39.100002 1.587431
89.465836 39.100002 1.606247
89.474998 39.100002 1.610452
89.484161 39.100002 1.626663
89.493332 39.100002 1.637474
89.502502 39.100002 1.651499
89.511665 39.100002 1.667905
89.520828 39.100002 1.679577
89.529999 39.100002 1.693523
89.539169 39.100002 1.702737
89.548332 39.100002 1.709939
89.557495 39.100002 1.722549
89.566666 39.100002 1.738562
89.575836 39.100002 1.748580
89.584999 39.100002 1.757371
89.594162 39.100002 1.768590
89.603333 39.100002 1.779002
89.612503 39.100002 1.786880
89.621666 39.100002 1.790207
89.630829 39.100002 1.796615
89.639999 39.100002 1.804423
89.649170 39.100002 1.809628
89.658333 39.100002 1.810630
89.667496 39.100002 1.812636
89.676666 39.100002 1.821435
89.685837 39.100002 1.832261
89.695000 39.100002 1.845666
89.699997 39.099998 1.854697
>
89.432114 39.009365 1.942854
89.433754 39.010002 1.937081
89.438332 39.011669 1.934911
89.443680 39.013332 1.925614
89.447495 39.014721 1.916608
89.452843 39.016666 1.905793
89.456665 39.018055 1.906745
89.462776 39.020000 1.912013
89.465836 39.021111 1.911883
89.471947 39.023335 1.903234
89.474998 39.024445 1.901540
89.481873 39.026669 1.890393
89.484161 39.027500 1.883206
89.491035 39.030003 1.876824
89.493332 39.030834 1.874000
89.500969 39.033333 1.879813
89.502502 39.033890 1.881204
89.510902 39.036667 1.874292
89.511665 39.036945 1.873172
89.520828 39.040001 1.855197
89.529999 39.043335 1.873000
89.539169 39.046391 1.890364
89.539932 39.046669 1.893161
89.548332 39.049446 1.898654
89.549858 39.049999 1.902411
89.557495 39.052498 1.896360
89.559784 39.053333 1.891562
89.566666 39.055557 1.895000
89.569725 39.056667 1.895000
89.575836 39.058613 1.901139
89.579659 39.060001 1.904078
89.584999 39.061668 1.898586
89.590347 39.063335 1.898724
89.594162 39.064724 1.888848
89.600273 39.066666 1.879511
89.603333 39.067776 1.888332
89.610207 39.070000 1.892534
89.612503 39.070831 1.896496
89.620140 39.073334 1.891403
89.621666 39.073891 1.889863
89.630066 39.076668 1.878794
89.630829 39.076946 1.876588
89.639999 39.080002 1.865803
89.649170 39.083057 1.870202
89.649933 39.083332 1.872713
89.658333 39.086109 1.862047
89.659859 39.086666 1.860348
89.667496 39.089165 1.841421
89.669785 39.090000 1.835605
89.676666 39.092224 1.832392
89.679726 39.093334 1.839000
89.685837 39.095280 1.843205
89.689659 39.096668 1.848680
89.695000 39.098335 1.848791
89.699997 39.099998 1.854697
>
89.795029 39.186634 1.631663
89.792015 39.183334 1.638000
89.788956 39.180000 1.628437
89.786667 39.178055 1.624519
89.785133 39.176666 1.628195
89.781319 39.173332 1.637002
89.777496 39.169998 1.643401
89.773682 39.166668 1.645901
89.770622 39.163334 1.669919
89.768333 39.161388 1.675931
89.766808 39.160000 1.679598
89.762993 39.156666 1.687084
89.759171 39.153332 1.688175
89.756111 39.150002 1.708000
89.752289 39.146667 1.719518
89.750000 39.144722 1.720000
89.748466 39.143333 1.720368
89.744652 39.139999 1.731405
89.740829 39.136665 1.749566
89.737015 39.133335 1.762222
89.733192 39.130001 1.760611
89.731667 39.128613 1.762718
89.729378 39.126667 1.775795
89.725563 39.123333 1.784822
89.722504 39.119999 1.790802
89.718681 39.116669 1.790000
89.714859 39.113335 1.814918
89.713333 39.111946 1.821486
89.711037 39.110001 1.826991
89.707985 39.106667 1.833352
89.704163 39.103333 1.840455
89.700348 39.100002 1.855010
89.699997 39.099998 1.854697
>
89.483780 39.063560 1.739931
89.484161 39.063614 1.740030
89.493332 39.065281 1.740970
89.500969 39.066666 1.742153
89.502502 39.066944 1.746206
89.511665 39.068611 1.758613
89.519302 39.070000 1.773623
89.520828 39.070278 1.776871
89.529999 39.071945 1.793003
89.539169 39.073334 1.800175
89.548332 39.075001 1.804604
89.557495 39.076668 1.802794
89.566666 39.078335 1.803189
89.575836 39.079723 1.807209
89.577362 39.080002 1.809407
89.584999 39.081390 1.815993
89.594162 39.083057 1.828000
89.595688 39.083332 1.829674
89.603333 39.084721 1.837556
89.612503 39.086109 1.840733
89.615562 39.086666 1.842572
89.621666 39.087776 1.834489
89.630829 39.089165 1.830824
89.636177 39.090000 1.827758
89.639999 39.090557 1.827223
89.649170 39.091946 1.823202
89.658333 39.093334 1.824000
89.667496 39.094723 1.824000
89.676666 39.096111 1.831550
89.679726 39.096668 1.836594
89.685837 39.097778 1.837320
89.695000 39.099167 1.846396
89.699997 39.099998 1.854697
>
89.400948 38.914837 3.393385
89.401665 38.915279 3.392967
89.403954 38.916668 3.355872
89.409302 38.920002 3.342161
89.410828 38.921112 3.318187
89.414650 38.923336 3.187679
89.419998 38.926666 2.962638
89.425346 38.930000 2.798553
89.429169 38.932499 2.689918
89.430695 38.933334 2.689918
89.436043 38.936668 2.692714
89.438332 38.938057 2.666430
89.441391 38.940002 2.657903
89.447495 38.943336 2.633227
89.453606 38.946667 2.527235
89.456665 38.948612 2.472000
89.458954 38.950001 2.436007
89.464302 38.953335 2.357273
89.465836 38.954166 2.353958
89.469658 38.956669 2.356156
89.474998 38.960003 2.331790
89.480347 38.963333 2.255026
89.484161 38.965832 2.212836
89.485687 38.966667 2.201264
89.491035 38.970001 2.204485
89.493332 38.971390 2.198806
89.496391 38.973335 2.186768
89.501732 38.976669 2.150430
89.502502 38.977226 2.143746
89.507088 38.980000 2.121000
89.511665 38.982777 2.116198
89.512428 38.983334 2.114984
89.517776 38.986668 2.097592
89.520828 38.988613 2.087502
89.523117 38.990002 2.071827
89.528465 38.993336 2.044674
89.529999 38.994167 2.044000
89.533821 38.996666 2.039433
89.539169 39.000000 2.024259
89.544518 39.003334 2.006246
89.548332 39.005833 2.005007
89.549858 39.006668 2.008671
89.555206 39.010002 2.030998
89.557495 39.011391 2.027665
89.560555 39.013332 2.030132
89.565895 39.016666 2.042834
89.566666 39.017223 2.044871
89.571251 39.020000 2.045980
89.575836 39.022778 2.047487
89.576599 39.023335 2.046496
89.581947 39.026669 2.033712
89.584999 39.028614 2.017852
89.587288 39.030003 2.018487
89.592636 39.033333 2.026855
89.594162 39.034164 2.023261
89.597984 39.036667 2.015550
89.603333 39.040001 2.001251
89.608681 39.043335 1.989506
89.612503 39.045834 1.998670
89.614029 39.046669 1.998478
89.619377 39.049999 1.987819
89.621666 39.051388 1.976751
89.624725 39.053333 1.962611
89.630066 39.056667 1.959000
89.630829 39.057224 1.959000
89.635414 39.060001 1.954697
89.639999 39.062778 1.946529
89.640762 39.063335 1.942533
89.646111 39.066666 1.917887
89.649170 39.068611 1.919357
89.651459 39.070000 1.920457
89.656807 39.073334 1.909803
89.658333 39.074165 1.906409
89.662155 39.076668 1.892580
89.667496 39.080002 1.868000
89.672844 39.083332 1.872167
89.676666 39.085831 1.863787
89.678192 39.086666 1.865392
89.683540 39.090000 1.849351
89.685837 39.091389 1.844877
89.688896 39.093334 1.849352
89.694237 39.096668 1.853594
89.695000 39.097225 1.851989
89.699997 39.099998 1.854697
>
89.633575 39.094975 1.811352
89.639999 39.095558 1.818802
89.649170 39.096390 1.821169
89.653755 39.096668 1.820992
89.658333 39.096947 1.819989
89.667496 39.097500 1.818798
89.676666 39.098335 1.824823
89.685837 39.099167 1.833120
89.695000 39.099724 1.844791
89.699997 39.099998 1.854697
>
89.527184 39.284912 1.109532
89.528465 39.283333 1.114989
89.529999 39.281666 1.116000
89.531525 39.279999 1.116000
89.534584 39.276665 1.130540
89.537636 39.273335 1.145722
89.539169 39.271667 1.153805
89.540695 39.270000 1.159674
89.543755 39.266666 1.162000
89.546806 39.263332 1.180121
89.548332 39.261665 1.189977
89.549858 39.259998 1.196519
89.552917 39.256664 1.208511
89.555969 39.253334 1.213592
89.557495 39.251667 1.222796
89.559021 39.250000 1.232824
89.562080 39.246666 1.245381
89.565132 39.243332 1.255467
89.566666 39.241665 1.259152
89.568192 39.239998 1.268005
89.571251 39.236668 1.286324
89.574303 39.233334 1.304000
89.575836 39.231667 1.307007
89.577362 39.230000 1.308839
89.581184 39.226665 1.329650
89.584999 39.223331 1.344713
89.588058 39.220001 1.359267
89.591873 39.216667 1.361000
89.594162 39.214165 1.376619
89.594925 39.213333 1.381810
89.597984 39.209999 1.397631
89.601036 39.206665 1.404993
89.603333 39.204166 1.409403
89.604095 39.203335 1.416390
89.607155 39.200001 1.438000
89.610207 39.196667 1.453656
89.612503 39.194164 1.459683
89.613266 39.193333 1.461148
89.616325 39.189999 1.477915
89.619377 39.186668 1.494795
89.621666 39.184166 1.504044
89.622429 39.183334 1.507531
89.625488 39.180000 1.512321
89.628540 39.176666 1.532994
89.630829 39.174164 1.547407
89.631592 39.173332 1.549802
89.634651 39.169998 1.559535
89.637703 39.166668 1.565198
89.639999 39.164165 1.585298
89.640762 39.163334 1.591354
89.643822 39.160000 1.607336
89.646873 39.156666 1.611993
89.649170 39.154163 1.616403
89.649933 39.153332 1.623366
89.652992 39.150002 1.647154
89.656044 39.146667 1.660714
89.658333 39.144165 1.662000
89.659096 39.143333 1.662366
89.662155 39.139999 1.674207
89.665207 39.136665 1.697289
89.667496 39.134167 1.708205
89.668259 39.133335 1.711000
89.671318 39.130001 1.716407
89.674370 39.126667 1.733655
89.676666 39.124165 1.748278
89.677429 39.123333 1.753024
89.680489 39.119999 1.766000
89.683540 39.116669 1.766198
89.685837 39.114166 1.785162
89.686600 39.113335 1.791219
89.689659 39.110001 1.810218
89.693474 39.106667 1.819000
89.695000 39.105000 1.819000
89.696526 39.103333 1.826914
89.699585 39.100002 1.853781
89.699997 39.099998 1.854697
>
90.061478 39.078514 2.498276
90.052505 39.078892 2.487235
90.043335 39.079445 2.455000
90.034164 39.080002 2.395786
90.025002 39.080559 2.325000
90.015839 39.081112 2.290791
90.006668 39.081669 2.287000
89.997498 39.082226 2.306011
89.988335 39.082779 2.306398
89.979172 39.083332 2.295292
89.970001 39.083889 2.277481
89.960831 39.084442 2.268428
89.951668 39.084999 2.259308
89.942505 39.085556 2.239247
89.933334 39.086109 2.213038
89.924164 39.086666 2.190598
89.915001 39.087223 2.171511
89.905838 39.087776 2.144429
89.896667 39.088333 2.118568
89.887497 39.088890 2.107186
89.878334 39.089443 2.082337
89.869171 39.090000 2.055409
89.860001 39.090557 2.027932
89.850830 39.091110 2.001155
89.841667 39.091667 1.983000
89.832504 39.092224 1.961000
89.823334 39.092777 1.943616
89.814163 39.093334 1.925593
89.805000 39.093891 1.906000
89.795837 39.094444 1.886463
89.786667 39.095001 1.869002
89.777496 39.095558 1.864599
89.768333 39.096111 1.870131
89.759171 39.096668 1.877024
89.750000 39.097225 1.879321
89.740829 39.097778 1.878462
89.731667 39.098335 1.873590
89.722504 39.098614 1.866522
89.713333 39.099167 1.864795
89.704163 39.099724 1.861326
89.699997 39.099998 1.854697
>
89.781937 38.983383 2.547345
89.779022 38.986668 2.503980
89.777496 38.988335 2.511875
89.775970 38.990002 2.566307
89.772919 38.993336 2.547000
89.770622 38.996666 2.450632
89.768333 39.000000 2.383180
89.766045 39.003334 2.375798
89.763756 39.006668 2.395996
89.761459 39.010002 2.374359
89.759171 39.013332 2.287909
89.756874 39.016666 2.238048
89.754585 39.020000 2.238048
89.752289 39.023335 2.278799
89.750000 39.026669 2.240774
89.747704 39.030003 2.146180
89.745415 39.033333 2.140959
89.743118 39.036667 2.104142
89.740829 39.040001 2.073533
89.738541 39.043335 2.062755
89.736252 39.046669 2.065007
89.733955 39.049999 2.054632
89.731667 39.053333 2.024464
89.729378 39.056667 2.016000
89.727089 39.060001 2.008503
89.724792 39.063335 1.991684
89.722504 39.066666 1.967603
89.720207 39.070000 1.966800
89.717918 39.073334 1.956003
89.715622 39.076668 1.937893
89.713333 39.080002 1.919399
89.711037 39.083332 1.918294
89.708748 39.086666 1.903318
89.706451 39.090000 1.885251
89.704163 39.093334 1.874427
89.701874 39.096668 1.865995
89.699997 39.099998 1.854697
>
90.205803 39.227505 2.083059
90.202232 39.226665 2.088279
90.199173 39.225830 2.108129
90.190002 39.223331 2.189477
90.180832 39.221111 2.194390
90.176254 39.220001 2.130835
90.171669 39.218891 2.077189
90.162506 39.216667 2.023793
90.153336 39.214443 2.023768
90.148750 39.213333 2.009112
90.144165 39.212223 2.017384
90.135002 39.209999 2.032616
90.125839 39.207775 2.011857
90.121254 39.206665 1.996806
90.116669 39.205559 1.996000
90.107498 39.203335 2.008740
90.098335 39.201111 1.978342
90.093758 39.200001 1.956000
90.089172 39.198891 1.971047
90.080002 39.196667 2.012827
90.070831 39.194443 1.991641
90.066254 39.193333 1.990176
90.061668 39.192223 2.008004
90.052505 39.189999 2.026188
90.043335 39.187500 2.025000
90.040276 39.186668 2.041348
90.034164 39.185001 2.071520
90.028061 39.183334 2.082751
90.025002 39.182499 2.072897
90.015839 39.180000 1.981212
90.006668 39.177776 1.937667
90.002083 39.176666 1.940393
89.997498 39.175556 1.935750
89.988335 39.173332 1.940120
89.979172 39.171108 1.936827
89.974586 39.169998 1.910506
89.970001 39.168892 1.906000
89.960831 39.166668 1.895588
89.951668 39.164444 1.915578
89.947090 39.163334 1.919134
89.942505 39.162224 1.915582
89.933334 39.160000 1.926200
89.924164 39.157776 1.881568
89.919586 39.156666 1.867414
89.915001 39.155556 1.864000
89.905838 39.153332 1.878420
89.896667 39.151112 1.895334
89.892082 39.150002 1.899000
89.887497 39.148891 1.900405
89.878334 39.146667 1.888926
89.869171 39.144444 1.870000
89.864586 39.143333 1.862000
89.860001 39.142223 1.849194
89.850830 39.139999 1.840798
89.841667 39.137775 1.838747
89.837090 39.136665 1.831505
89.832504 39.135559 1.818661
89.823334 39.133335 1.810410
89.814163 39.130833 1.799441
89.811111 39.130001 1.791639
89.805000 39.128334 1.785191
89.798897 39.126667 1.781798
89.795837 39.125832 1.781479
89.786667 39.123333 1.779402
89.777496 39.120831 1.788814
89.774445 39.119999 1.790669
89.768333 39.118336 1.795000
89.762230 39.116669 1.798128
89.759171 39.115833 1.806419
89.750000 39.113335 1.825060
89.740829 39.110832 1.834603
89.737778 39.110001 1.837398
89.731667 39.108334 1.842000
89.725563 39.106667 1.835949
89.722504 39.105831 1.833802
89.713333 39.103333 1.841095
89.704163 39.101112 1.854872
89.700348 39.100002 1.855010
89.699997 39.099998 1.854697
>
90.231529 39.033161 2.723000
90.230492 39.033333 2.725494
90.226669 39.033890 2.717396
90.217499 39.035278 2.732834
90.209862 39.036667 2.726669
90.208336 39.036945 2.725031
90.199173 39.038612 2.777280
90.190002 39.040001 2.980700
90.180832 39.041668 3.102000
90.171669 39.043335 3.059386
90.162506 39.045002 2.943590
90.153336 39.046669 3.018358
90.144165 39.048058 3.136214
90.135002 39.048893 3.043291
90.125839 39.049999 2.921446
90.116669 39.051109 2.820080
90.107498 39.052223 2.770542
90.098335 39.053333 2.722462
90.089172 39.054443 2.684412
90.080002 39.055557 2.597000
90.070831 39.056667 2.525617
90.061668 39.057777 2.567777
90.052505 39.058891 2.561912
90.043335 39.060001 2.547583
90.034164 39.061111 2.558666
90.025002 39.061947 2.500577
90.015839 39.062778 2.436372
90.009727 39.063335 2.414680
90.006668 39.063614 2.403374
89.997498 39.064724 2.382030
89.988335 39.065559 2.361670
89.979172 39.066666 2.349441
89.970001 39.067776 2.359159
89.960831 39.068890 2.356546
89.951668 39.070000 2.344537
89.942505 39.071110 2.314550
89.933334 39.072224 2.296667
89.924164 39.073334 2.268344
89.915001 39.074444 2.240361
89.905838 39.075558 2.207850
89.896667 39.076668 2.180707
89.887497 39.077778 2.168965
89.878334 39.078892 2.137770
89.869171 39.080002 2.115000
89.860001 39.081112 2.088191
89.850830 39.082226 2.060590
89.841667 39.083332 2.044871
89.832504 39.084442 2.017723
89.823334 39.085556 1.995465
89.814163 39.086666 1.967878
89.805000 39.087776 1.941495
89.795837 39.088612 1.910715
89.786667 39.089722 1.883294
89.783607 39.090000 1.876988
89.777496 39.090557 1.871899
89.768333 39.091667 1.871000
89.759171 39.092777 1.879791
89.754585 39.093334 1.881000
89.750000 39.093891 1.884000
89.740829 39.095001 1.885000
89.731667 39.096111 1.881064
89.727089 39.096668 1.876303
89.722504 39.097225 1.871255
89.713333 39.098335 1.867790
89.704163 39.099445 1.862264
89.699997 39.099998 1.854697
>
89.965408 39.202995 1.759130
89.960831 39.201111 1.760684
89.957779 39.200001 1.760000
89.951668 39.197498 1.768820
89.949379 39.196667 1.775261
89.942505 39.193890 1.780000
89.940971 39.193333 1.781000
89.933334 39.190556 1.795327
89.931801 39.189999 1.800007
89.924164 39.186947 1.824152
89.923401 39.186668 1.825271
89.915001 39.183334 1.839000
89.905838 39.180000 1.835680
89.896667 39.176666 1.813115
89.887497 39.173332 1.839971
89.878334 39.169998 1.858603
89.869934 39.166668 1.835000
89.869171 39.166389 1.835945
89.861526 39.163334 1.810085
89.860001 39.162777 1.807968
89.852356 39.160000 1.803487
89.850830 39.159443 1.799330
89.843956 39.156666 1.791000
89.841667 39.155830 1.791000
89.835564 39.153332 1.779381
89.832504 39.152225 1.775390
89.827156 39.150002 1.784401
89.823334 39.148613 1.774967
89.818748 39.146667 1.769615
89.814163 39.144722 1.760388
89.810349 39.143333 1.750385
89.805000 39.141109 1.749808
89.801949 39.139999 1.747836
89.795837 39.137497 1.750234
89.793541 39.136665 1.749407
89.786667 39.133892 1.748595
89.785133 39.133335 1.750568
89.777496 39.130280 1.753407
89.776733 39.130001 1.753773
89.768333 39.126667 1.772595
89.759933 39.123333 1.791202
89.759171 39.123055 1.792561
89.751526 39.119999 1.800634
89.750000 39.119446 1.801000
89.743118 39.116669 1.802000
89.740829 39.115833 1.808904
89.734726 39.113335 1.827869
89.731667 39.112225 1.828923
89.726326 39.110001 1.831356
89.722504 39.108612 1.832799
89.717918 39.106667 1.833000
89.713333 39.105000 1.833800
89.708748 39.103333 1.837506
89.704163 39.101391 1.853064
89.700348 39.100002 1.855010
89.699997 39.099998 1.854697
>
89.922707 38.934235 3.132262
89.919586 38.936668 3.096017
89.915001 38.940002 3.029961
89.911186 38.943336 3.005110
89.907364 38.946667 2.996009
89.905838 38.948055 2.987676
89.903542 38.950001 2.975700
89.898956 38.953335 2.994827
89.896667 38.955280 3.011763
89.895134 38.956669 3.015759
89.890556 38.960003 3.047210
89.887497 38.962780 3.128371
89.886734 38.963333 3.155519
89.881393 38.966667 3.171000
89.878334 38.968891 3.143850
89.876808 38.970001 3.094033
89.872231 38.973335 2.997844
89.869171 38.975559 2.958870
89.867638 38.976669 2.912768
89.863060 38.980000 2.910357
89.860001 38.982224 2.981268
89.858467 38.983334 3.015136
89.854652 38.986668 3.115738
89.850830 38.990002 3.099619
89.846252 38.993336 3.072934
89.841667 38.996666 3.039478
89.837090 39.000000 2.917879
89.832504 39.003334 2.753866
89.828682 39.006668 2.683863
89.824860 39.010002 2.691567
89.823334 39.011391 2.689505
89.821037 39.013332 2.681493
89.816452 39.016666 2.598505
89.814163 39.018333 2.546260
89.811874 39.020000 2.509197
89.807289 39.023335 2.522797
89.805000 39.025002 2.530000
89.802711 39.026669 2.537389
89.797363 39.030003 2.383381
89.795837 39.031113 2.372392
89.792778 39.033333 2.370168
89.787430 39.036667 2.196837
89.786667 39.037224 2.172522
89.782845 39.040001 2.093815
89.778259 39.043335 2.058167
89.777496 39.043892 2.055786
89.773682 39.046669 2.039216
89.769096 39.049999 2.014843
89.768333 39.050556 2.010431
89.764519 39.053333 1.992693
89.759933 39.056667 1.990000
89.759171 39.057224 1.992381
89.755348 39.060001 1.989798
89.750763 39.063335 1.985317
89.750000 39.063892 1.983307
89.746178 39.066666 1.968554
89.741592 39.070000 1.968801
89.740829 39.070557 1.969406
89.737015 39.073334 1.964477
89.732430 39.076668 1.941594
89.731667 39.077225 1.937450
89.727852 39.080002 1.922685
89.723267 39.083332 1.923344
89.722504 39.083889 1.921155
89.718681 39.086666 1.910754
89.714096 39.090000 1.888376
89.713333 39.090557 1.884582
89.709511 39.093334 1.872692
89.704926 39.096668 1.871614
89.704163 39.097225 1.869739
89.699997 39.099998 1.854697
>
89.288124 39.053921 1.588096
89.291664 39.054443 1.584000
89.300827 39.055557 1.582601
89.309998 39.056667 1.581000
89.319168 39.057777 1.577000
89.328331 39.058891 1.571595
89.337494 39.060001 1.578084
89.346664 39.061111 1.586063
89.355835 39.062225 1.597989
89.364998 39.063335 1.604872
89.374161 39.064445 1.607500
89.383331 39.065559 1.615764
89.392502 39.066666 1.628490
89.401665 39.067776 1.642099
89.410828 39.068890 1.651099
89.419998 39.070000 1.658517
89.429169 39.071110 1.667995
89.438332 39.072224 1.667264
89.447495 39.073334 1.672358
89.456665 39.074444 1.675273
89.465836 39.075558 1.680859
89.474998 39.076668 1.681595
89.484161 39.077778 1.686332
89.493332 39.078892 1.693648
89.502502 39.080002 1.702802
89.511665 39.081112 1.720808
89.520828 39.082226 1.735172
89.529999 39.083332 1.754606
89.539169 39.084164 1.761151
89.548332 39.085278 1.766661
89.557495 39.086388 1.772897
89.559784 39.086666 1.774892
89.566666 39.087498 1.781028
89.575836 39.088333 1.786339
89.584999 39.089165 1.788934
89.594162 39.090000 1.795406
89.603333 39.090832 1.800420
89.612503 39.091667 1.801304
89.621666 39.092499 1.804599
89.630829 39.093334 1.811000
89.639999 39.094166 1.818802
89.649170 39.095001 1.823202
89.658333 39.095833 1.824000
89.667496 39.096668 1.821393
89.676666 39.097778 1.826507
89.685837 39.098614 1.834793
89.695000 39.099445 1.845594
89.699997 39.099998 1.854697
>
90.093964 38.957474 3.348063
90.089172 38.958893 3.295831
90.085350 38.960003 3.243919
90.080002 38.961670 3.218987
90.074654 38.963333 3.205835
90.070831 38.964722 3.197587
90.064728 38.966667 3.193561
90.061668 38.967777 3.210196
90.054794 38.970001 3.219000
90.052505 38.970833 3.222348
90.045624 38.973335 3.232469
90.043335 38.974167 3.236754
90.035690 38.976669 3.270597
90.034164 38.977226 3.293082
90.025764 38.980000 3.362550
90.025002 38.980278 3.362000
90.016602 38.983334 3.336000
90.015839 38.983612 3.338077
90.006668 38.986668 3.490634
89.997498 38.990002 3.390077
89.988335 38.993336 3.362870
89.979172 38.996666 3.545906
89.970001 39.000000 3.293013
89.960831 39.003334 3.261212
89.952431 39.006668 3.421275
89.951668 39.006947 3.442887
89.943268 39.010002 3.431361
89.942505 39.010281 3.417055
89.933334 39.013058 3.121581
89.932564 39.013332 3.106086
89.924164 39.016666 3.146846
89.915001 39.020000 3.301104
89.905838 39.023335 3.389211
89.896667 39.026669 3.186833
89.887497 39.030003 3.127718
89.878334 39.033333 3.137477
89.869171 39.036667 2.943791
89.860001 39.040001 2.723032
89.850830 39.043335 2.562011
89.842430 39.046669 2.550508
89.841667 39.046947 2.539345
89.832504 39.049999 2.373171
89.823334 39.053333 2.200711
89.814926 39.056667 2.135901
89.814163 39.056946 2.132788
89.805763 39.060001 2.080395
89.805000 39.060280 2.078456
89.796600 39.063335 2.019583
89.795837 39.063614 2.014546
89.788193 39.066666 1.966466
89.786667 39.067223 1.960798
89.779022 39.070000 1.952787
89.777496 39.070557 1.949976
89.769859 39.073334 1.935402
89.768333 39.073891 1.933931
89.760696 39.076668 1.929886
89.759171 39.077225 1.929840
89.751526 39.080002 1.922535
89.750000 39.080559 1.924000
89.743118 39.083332 1.927764
89.740829 39.084164 1.924767
89.733955 39.086666 1.917361
89.731667 39.087498 1.909025
89.724792 39.090000 1.888386
89.722504 39.090832 1.882097
89.716393 39.093334 1.876066
89.713333 39.094444 1.876801
89.707985 39.096668 1.871614
89.704163 39.098335 1.866001
89.699997 39.099998 1.854697
>
89.728043 39.199287 1.543067
89.727089 39.196667 1.550223
89.726326 39.193333 1.550593
89.725563 39.189999 1.560720
89.724792 39.186668 1.580056
89.724030 39.183334 1.592535
89.722504 39.180000 1.593260
89.721733 39.176666 1.607627
89.720970 39.173332 1.623268
89.720207 39.169998 1.631000
89.718681 39.166668 1.631000
89.717155 39.163334 1.654904
89.716393 39.160000 1.666455
89.715622 39.156666 1.670495
89.714096 39.153332 1.673387
89.713333 39.150002 1.692398
89.712563 39.146667 1.704633
89.711800 39.143333 1.706000
89.711037 39.139999 1.716805
89.710274 39.136665 1.735822
89.708748 39.133335 1.747802
89.707985 39.130001 1.752805
89.707222 39.126667 1.767426
89.706451 39.123333 1.783864
89.704926 39.119999 1.792277
89.704163 39.116669 1.792277
89.703400 39.113335 1.811552
89.702637 39.110001 1.822932
89.701874 39.106667 1.827802
89.701111 39.103333 1.834158
89.700348 39.100002 1.855010
89.699997 39.099998 1.854697
>
89.332588 38.997307 1.914698
89.337494 38.998890 1.941808
89.341316 39.000000 1.929458
89.346664 39.001389 1.897431
89.353539 39.003334 1.820434
89.355835 39.003891 1.806393
89.364998 39.006668 1.824440
89.374161 39.009167 1.862777
89.377220 39.010002 1.864166
89.383331 39.011669 1.856191
89.389442 39.013332 1.843226
89.392502 39.014164 1.829227
89.401665 39.016666 1.838074
89.410828 39.019444 1.853080
89.413116 39.020000 1.860037
89.419998 39.021946 1.860937
89.424583 39.023335 1.861452
89.429169 39.024723 1.871625
89.436043 39.026669 1.853734
89.438332 39.027225 1.850856
89.447495 39.030003 1.840795
89.456665 39.032501 1.847000
89.459724 39.033333 1.853419
89.465836 39.035000 1.849818
89.471947 39.036667 1.845218
89.474998 39.037498 1.843033
89.484161 39.040001 1.827926
89.493332 39.042500 1.824000
89.496391 39.043335 1.825337
89.502502 39.045002 1.834601
89.508614 39.046669 1.831699
89.511665 39.047501 1.829958
89.520828 39.049999 1.835031
89.529999 39.052498 1.848309
89.533058 39.053333 1.843496
89.539169 39.055000 1.853418
89.545280 39.056667 1.863000
89.548332 39.057499 1.867205
89.557495 39.060001 1.874197
89.566666 39.062500 1.879000
89.569725 39.063335 1.872181
89.575836 39.065002 1.867465
89.581947 39.066666 1.864110
89.584999 39.067497 1.865098
89.594162 39.070000 1.874715
89.603333 39.072777 1.879240
89.605621 39.073334 1.879403
89.612503 39.075279 1.879376
89.617088 39.076668 1.871394
89.621666 39.078056 1.860806
89.628540 39.080002 1.858399
89.630829 39.080559 1.859000
89.639999 39.083332 1.867511
89.649170 39.085831 1.862437
89.652229 39.086666 1.859908
89.658333 39.088333 1.848812
89.664444 39.090000 1.836565
89.667496 39.090832 1.829816
89.676666 39.093334 1.832392
89.685837 39.096111 1.842363
89.688126 39.096668 1.844925
89.695000 39.098614 1.847989
89.699997 39.099998 1.854697
>
89.724609 39.033985 2.097453
89.724030 39.036667 2.087841
89.722504 39.040001 2.065091
89.720970 39.043335 2.053165
89.719444 39.046669 2.050193
89.718681 39.049999 2.040867
89.717155 39.053333 2.018457
89.716393 39.056667 2.010670
89.715622 39.060001 2.003843
89.714096 39.063335 1.987562
89.713333 39.065002 1.975137
89.712563 39.066666 1.964827
89.711800 39.070000 1.963280
89.710274 39.073334 1.949511
89.709511 39.076668 1.930939
89.707985 39.080002 1.915502
89.707222 39.083332 1.917256
89.705688 39.086666 1.906030
89.704163 39.090000 1.885251
89.702637 39.093334 1.869535
89.701111 39.096668 1.865262
89.699997 39.099998 1.854697
>
89.488541 39.099072 1.637390
89.493332 39.099167 1.639194
89.502502 39.099445 1.651737
89.511665 39.099445 1.668237
89.520828 39.099724 1.678993
89.529999 39.100002 1.693523
89.539169 39.100002 1.702737
89.548332 39.100002 1.709939
89.557495 39.100002 1.722549
89.566666 39.100002 1.738562
89.575836 39.100002 1.748580
89.584999 39.100002 1.757371
89.594162 39.100002 1.768590
89.603333 39.100002 1.779002
89.612503 39.100002 1.786880
89.621666 39.100002 1.790207
89.630829 39.100002 1.796615
89.639999 39.100002 1.804423
89.649170 39.100002 1.809628
89.658333 39.100002 1.810630
89.667496 39.100002 1.812636
89.676666 39.100002 1.821435
89.685837 39.100002 1.832261
89.695000 39.100002 1.845666
89.699997 39.099998 1.854697
>
89.987625 39.057907 2.413528
89.979172 39.059166 2.416429
89.973824 39.060001 2.422451
89.970001 39.060558 2.423916
89.960831 39.061947 2.412462
89.951668 39.063335 2.383003
89.942505 39.064445 2.342115
89.933334 39.065834 2.321174
89.927986 39.066666 2.303714
89.924164 39.067223 2.286869
89.915001 39.068611 2.264090
89.905838 39.070000 2.247056
89.896667 39.071388 2.226051
89.887497 39.072777 2.228693
89.883682 39.073334 2.218009
89.878334 39.074165 2.207427
89.869171 39.075558 2.166978
89.860001 39.076668 2.115780
89.850830 39.077778 2.073923
89.841667 39.079166 2.043000
89.836327 39.080002 2.031333
89.832504 39.080559 2.022000
89.823334 39.081947 2.006015
89.814163 39.083332 1.989813
89.805000 39.084442 1.959734
89.795837 39.085831 1.928115
89.790489 39.086666 1.916816
89.786667 39.087223 1.902345
89.777496 39.088612 1.884694
89.768333 39.090000 1.880605
89.759171 39.091389 1.881569
89.750000 39.092777 1.884000
89.745415 39.093334 1.885000
89.740829 39.093891 1.885000
89.731667 39.095280 1.882000
89.722504 39.096668 1.873153
89.713333 39.098057 1.868792
89.704163 39.099445 1.862264
89.699997 39.099998 1.854697
>
89.948280 38.922527 3.175478
89.947090 38.923336 3.171185
89.943268 38.926666 3.126832
89.942505 38.927223 3.121083
89.938683 38.930000 3.089542
89.934860 38.933334 3.085000
89.933334 38.934444 3.077006
89.930275 38.936668 3.060989
89.925690 38.940002 3.029772
89.924164 38.941113 3.012236
89.921112 38.943336 3.000132
89.917290 38.946667 3.001895
89.915001 38.948612 2.988932
89.913475 38.950001 2.982000
89.909660 38.953335 2.952477
89.905838 38.956669 2.951701
89.902016 38.960003 2.971180
89.898193 38.963333 2.970540
89.896667 38.964722 2.979542
89.894371 38.966667 2.957000
89.889786 38.970001 3.003583
89.887497 38.971947 3.039770
89.885971 38.973335 3.047420
89.880623 38.976669 2.968359
89.878334 38.978058 2.884991
89.875282 38.980000 2.813491
89.869934 38.983334 2.809000
89.869171 38.983891 2.811006
89.865349 38.986668 2.855795
89.860764 38.990002 2.914802
89.860001 38.990559 2.924357
89.856178 38.993336 2.947388
89.850830 38.996666 2.965609
89.844727 39.000000 2.871628
89.841667 39.001945 2.798770
89.839378 39.003334 2.761839
89.834030 39.006668 2.682500
89.832504 39.007500 2.671000
89.828682 39.010002 2.644961
89.823334 39.013332 2.668737
89.818748 39.016666 2.603382
89.814163 39.020000 2.546260
89.809586 39.023335 2.546758
89.805000 39.026669 2.528800
89.800423 39.030003 2.410995
89.795837 39.032780 2.372392
89.795067 39.033333 2.370168
89.789726 39.036667 2.244830
89.786667 39.038612 2.135876
89.784370 39.040001 2.097900
89.779785 39.043335 2.061000
89.777496 39.045002 2.055786
89.775208 39.046669 2.044211
89.770622 39.049999 2.014844
89.768333 39.051388 2.003844
89.765282 39.053333 1.992473
89.760696 39.056667 1.987619
89.759171 39.057777 1.992381
89.756111 39.060001 1.989798
89.751526 39.063335 1.983449
89.750000 39.064445 1.979456
89.746941 39.066666 1.968004
89.741592 39.070000 1.968801
89.740829 39.070557 1.969406
89.737015 39.073334 1.964477
89.732430 39.076668 1.941594
89.731667 39.077225 1.937450
89.727852 39.080002 1.922685
89.723267 39.083332 1.923344
89.722504 39.083889 1.921155
89.718681 39.086666 1.910754
89.714096 39.090000 1.888376
89.713333 39.090557 1.884582
89.709511 39.093334 1.872692
89.704926 39.096668 1.871614
89.704163 39.097225 1.869739
89.699997 39.099998 1.854697
>
89.306625 39.269531 0.978789
89.309998 39.268055 0.977399
89.313057 39.266666 0.978669
89.319168 39.263889 0.994333
89.320694 39.263332 0.996606
89.328331 39.259998 1.015893
89.335968 39.256664 1.022535
89.337494 39.256111 1.025876
89.343605 39.253334 1.031192
89.346664 39.251945 1.039683
89.351250 39.250000 1.056202
89.355835 39.248055 1.064605
89.358894 39.246666 1.069120
89.364998 39.244164 1.078991
89.367287 39.243332 1.082969
89.374161 39.240555 1.089377
89.375687 39.239998 1.093765
89.383331 39.236668 1.113396
89.390968 39.233334 1.129833
89.392502 39.232777 1.130000
89.399376 39.230000 1.138883
89.401665 39.228889 1.141805
89.407013 39.226665 1.156463
89.410828 39.224998 1.171462
89.414650 39.223331 1.180558
89.419998 39.221111 1.189131
89.422287 39.220001 1.191050
89.429169 39.217224 1.204201
89.430695 39.216667 1.204201
89.438332 39.213333 1.227764
89.445969 39.209999 1.247168
89.447495 39.209442 1.251292
89.453606 39.206665 1.261332
89.456665 39.205280 1.262000
89.461250 39.203335 1.274582
89.465836 39.201389 1.291402
89.468895 39.200001 1.302000
89.474998 39.197498 1.316207
89.477287 39.196667 1.322172
89.484161 39.193611 1.326599
89.484924 39.193333 1.327148
89.492561 39.189999 1.345405
89.493332 39.189724 1.347119
89.500206 39.186668 1.368662
89.502502 39.185558 1.375157
89.507851 39.183334 1.385000
89.511665 39.181667 1.389473
89.515488 39.180000 1.393865
89.520828 39.177776 1.404902
89.523117 39.176666 1.417620
89.529999 39.173611 1.440333
89.530762 39.173332 1.441203
89.538399 39.169998 1.454081
89.539169 39.169724 1.455006
89.546043 39.166668 1.458256
89.548332 39.165558 1.470016
89.553680 39.163334 1.496734
89.557495 39.161667 1.501795
89.561317 39.160000 1.511551
89.566666 39.157776 1.522000
89.568954 39.156666 1.522000
89.575836 39.153610 1.535617
89.576599 39.153332 1.538338
89.584236 39.150002 1.564945
89.584999 39.149723 1.568964
89.591873 39.146667 1.589649
89.594162 39.145557 1.591000
89.599510 39.143333 1.595414
89.603333 39.141666 1.602403
89.607155 39.139999 1.615605
89.612503 39.137775 1.638032
89.614792 39.136665 1.647312
89.621666 39.133892 1.657927
89.623192 39.133335 1.661264
89.630829 39.130001 1.674532
89.638466 39.126667 1.699712
89.639999 39.126110 1.704795
89.646111 39.123333 1.719302
89.649170 39.121944 1.731486
89.653755 39.119999 1.738802
89.658333 39.118057 1.739000
89.661392 39.116669 1.740469
89.667496 39.113892 1.765933
89.669022 39.113335 1.769409
89.676666 39.110001 1.789749
89.684303 39.106667 1.804791
89.685837 39.106110 1.809209
89.691948 39.103333 1.825680
89.695000 39.101948 1.833990
89.699585 39.100002 1.853781
89.699997 39.099998 1.854697
>
89.425896 39.152493 1.382038
89.429169 39.151947 1.394808
89.438332 39.150002 1.411196
89.447495 39.148335 1.431059
89.456665 39.146667 1.447920
89.465836 39.145000 1.462401
89.474998 39.143333 1.467000
89.484161 39.141666 1.477398
89.493332 39.139999 1.503805
89.502502 39.138332 1.524415
89.511665 39.136665 1.543651
89.520828 39.135002 1.559248
89.529999 39.133335 1.572000
89.539169 39.131390 1.580457
89.546806 39.130001 1.587625
89.548332 39.129723 1.589458
89.557495 39.128056 1.606995
89.565132 39.126667 1.630869
89.566666 39.126389 1.634333
89.575836 39.124443 1.653838
89.581947 39.123333 1.664446
89.584999 39.122776 1.666550
89.594162 39.120831 1.681014
89.597984 39.119999 1.684099
89.603333 39.118893 1.692603
89.612503 39.116947 1.701123
89.614029 39.116669 1.703687
89.621666 39.115280 1.717828
89.630829 39.113613 1.739310
89.632355 39.113335 1.741382
89.639999 39.111946 1.756448
89.649170 39.110001 1.770120
89.658333 39.108055 1.780000
89.665970 39.106667 1.785167
89.667496 39.106388 1.786000
89.676666 39.104443 1.794791
89.682777 39.103333 1.808664
89.685837 39.102779 1.817998
89.695000 39.100834 1.840675
89.699585 39.100002 1.853781
89.699997 39.099998 1.854697
>
