# 89.7 39.1 44
89.393469 39.277104 22.240403
89.420219 39.222124 21.558264
89.885924 38.943295 14.631826
89.293503 39.285247 25.111423
89.989581 39.283375 5.153833
89.753638 38.930019 17.397227
89.269107 39.257503 25.816551
89.260995 39.251492 26.055809
89.623982 39.265932 15.628021
89.408114 39.142141 22.360572
89.305519 38.936888 27.749289
89.800735 39.135412 11.707445
90.050189 39.218769 3.920343
89.614336 38.951860 19.860499
89.649459 39.285509 14.902530
90.019926 39.100668 7.638080
89.494633 39.125659 20.098537
89.725292 39.205167 12.960634
89.621776 39.031195 18.065196
89.586976 39.044739 18.709526
89.359426 38.944951 26.231014
89.212731 39.094461 28.234359
89.432117 39.009364 23.294361
89.795029 39.186633 11.176644
89.483778 39.063560 21.134051
89.400947 38.914837 25.736909
89.633576 39.094975 16.705177
89.527181 39.284911 18.408541
90.061478 39.078515 7.787706
89.781938 38.983382 15.415637
90.205805 39.227504 1.950913
90.231526 39.033161 9.018658
89.965409 39.202995 6.361220
89.922703 38.934235 14.363230
89.288127 39.053922 26.556597
90.093960 38.957472 11.836634
89.728040 39.199286 12.927094
89.332590 38.997306 26.094873
89.724612 39.033984 15.502994
89.488540 39.099072 20.555527
89.987624 39.057909 9.472542
89.948282 38.922526 14.404337
89.306624 39.269530 24.732693
89.425898 39.152494 21.779489